            CO2-CH4   0.000000 2000.0000    401 200.00 1.137e-43 5.000                    Model.  28
    0.0000  0.000E+00
    5.0000  3.171E-45
   10.0000  1.183E-44
   15.0000  2.379E-44
   20.0000  3.655E-44
   25.0000  4.815E-44
   30.0000  5.755E-44
   35.0000  6.446E-44
   40.0000  6.910E-44
   45.0000  7.203E-44
   50.0000  7.432E-44
   55.0000  7.573E-44
   60.0000  7.644E-44
   65.0000  7.664E-44
   70.0000  7.657E-44
   75.0000  7.650E-44
   80.0000  7.659E-44
   85.0000  7.667E-44
   90.0000  7.667E-44
   95.0000  7.690E-44
  100.0000  7.770E-44
  105.0000  7.863E-44
  110.0000  7.925E-44
  115.0000  7.995E-44
  120.0000  8.161E-44
  125.0000  8.396E-44
  130.0000  8.650E-44
  135.0000  8.913E-44
  140.0000  9.202E-44
  145.0000  9.450E-44
  150.0000  9.554E-44
  155.0000  9.593E-44
  160.0000  9.845E-44
  165.0000  1.032E-43
  170.0000  1.072E-43
  175.0000  1.089E-43
  180.0000  1.090E-43
  185.0000  1.086E-43
  190.0000  1.087E-43
  195.0000  1.100E-43
  200.0000  1.116E-43
  205.0000  1.130E-43
  210.0000  1.129E-43
  215.0000  1.110E-43
  220.0000  1.095E-43
  225.0000  1.106E-43
  230.0000  1.128E-43
  235.0000  1.137E-43
  240.0000  1.125E-43
  245.0000  1.098E-43
  250.0000  1.070E-43
  255.0000  1.068E-43
  260.0000  1.085E-43
  265.0000  1.091E-43
  270.0000  1.075E-43
  275.0000  1.032E-43
  280.0000  9.780E-44
  285.0000  9.399E-44
  290.0000  9.266E-44
  295.0000  9.150E-44
  300.0000  8.894E-44
  305.0000  8.488E-44
  310.0000  8.004E-44
  315.0000  7.614E-44
  320.0000  7.439E-44
  325.0000  7.346E-44
  330.0000  7.182E-44
  335.0000  6.893E-44
  340.0000  6.494E-44
  345.0000  6.114E-44
  350.0000  5.917E-44
  355.0000  5.832E-44
  360.0000  5.692E-44
  365.0000  5.439E-44
  370.0000  5.086E-44
  375.0000  4.708E-44
  380.0000  4.423E-44
  385.0000  4.242E-44
  390.0000  4.065E-44
  395.0000  3.840E-44
  400.0000  3.569E-44
  405.0000  3.280E-44
  410.0000  3.039E-44
  415.0000  2.873E-44
  420.0000  2.734E-44
  425.0000  2.578E-44
  430.0000  2.396E-44
  435.0000  2.198E-44
  440.0000  2.019E-44
  445.0000  1.893E-44
  450.0000  1.795E-44
  455.0000  1.690E-44
  460.0000  1.567E-44
  465.0000  1.432E-44
  470.0000  1.301E-44
  475.0000  1.194E-44
  480.0000  1.110E-44
  485.0000  1.031E-44
  490.0000  9.485E-45
  495.0000  8.637E-45
  500.0000  7.814E-45
  505.0000  7.107E-45
  510.0000  6.539E-45
  515.0000  6.033E-45
  520.0000  5.534E-45
  525.0000  5.034E-45
  530.0000  4.549E-45
  535.0000  4.116E-45
  540.0000  3.761E-45
  545.0000  3.453E-45
  550.0000  3.156E-45
  555.0000  2.862E-45
  560.0000  2.578E-45
  565.0000  2.316E-45
  570.0000  2.093E-45
  575.0000  1.902E-45
  580.0000  1.727E-45
  585.0000  1.561E-45
  590.0000  1.404E-45
  595.0000  1.261E-45
  600.0000  1.134E-45
  605.0000  1.025E-45
  610.0000  9.278E-46
  615.0000  8.377E-46
  620.0000  7.541E-46
  625.0000  6.772E-46
  630.0000  6.085E-46
  635.0000  5.483E-46
  640.0000  4.946E-46
  645.0000  4.456E-46
  650.0000  4.009E-46
  655.0000  3.603E-46
  660.0000  3.237E-46
  665.0000  2.911E-46
  670.0000  2.619E-46
  675.0000  2.360E-46
  680.0000  2.128E-46
  685.0000  1.922E-46
  690.0000  1.739E-46
  695.0000  1.576E-46
  700.0000  1.430E-46
  705.0000  1.300E-46
  710.0000  1.184E-46
  715.0000  1.080E-46
  720.0000  9.870E-47
  725.0000  9.039E-47
  730.0000  8.295E-47
  735.0000  7.629E-47
  740.0000  7.034E-47
  745.0000  6.502E-47
  750.0000  6.026E-47
  755.0000  5.600E-47
  760.0000  5.220E-47
  765.0000  4.880E-47
  770.0000  4.577E-47
  775.0000  4.307E-47
  780.0000  4.066E-47
  785.0000  3.853E-47
  790.0000  3.664E-47
  795.0000  3.496E-47
  800.0000  3.349E-47
  805.0000  3.219E-47
  810.0000  3.106E-47
  815.0000  3.008E-47
  820.0000  2.924E-47
  825.0000  2.852E-47
  830.0000  2.791E-47
  835.0000  2.741E-47
  840.0000  2.701E-47
  845.0000  2.670E-47
  850.0000  2.646E-47
  855.0000  2.631E-47
  860.0000  2.623E-47
  865.0000  2.621E-47
  870.0000  2.626E-47
  875.0000  2.637E-47
  880.0000  2.653E-47
  885.0000  2.676E-47
  890.0000  2.703E-47
  895.0000  2.736E-47
  900.0000  2.774E-47
  905.0000  2.817E-47
  910.0000  2.865E-47
  915.0000  2.917E-47
  920.0000  2.975E-47
  925.0000  3.038E-47
  930.0000  3.105E-47
  935.0000  3.178E-47
  940.0000  3.255E-47
  945.0000  3.338E-47
  950.0000  3.425E-47
  955.0000  3.518E-47
  960.0000  3.617E-47
  965.0000  3.721E-47
  970.0000  3.831E-47
  975.0000  3.948E-47
  980.0000  4.071E-47
  985.0000  4.200E-47
  990.0000  4.337E-47
  995.0000  4.482E-47
 1000.0000  4.634E-47
 1005.0000  4.796E-47
 1010.0000  4.966E-47
 1015.0000  5.146E-47
 1020.0000  5.337E-47
 1025.0000  5.538E-47
 1030.0000  5.752E-47
 1035.0000  5.979E-47
 1040.0000  6.220E-47
 1045.0000  6.476E-47
 1050.0000  6.748E-47
 1055.0000  7.039E-47
 1060.0000  7.349E-47
 1065.0000  7.680E-47
 1070.0000  8.035E-47
 1075.0000  8.416E-47
 1080.0000  8.825E-47
 1085.0000  9.266E-47
 1090.0000  9.742E-47
 1095.0000  1.026E-46
 1100.0000  1.082E-46
 1105.0000  1.142E-46
 1110.0000  1.209E-46
 1115.0000  1.282E-46
 1120.0000  1.362E-46
 1125.0000  1.450E-46
 1130.0000  1.547E-46
 1135.0000  1.656E-46
 1140.0000  1.778E-46
 1145.0000  1.915E-46
 1150.0000  2.070E-46
 1155.0000  2.246E-46
 1160.0000  2.449E-46
 1165.0000  2.683E-46
 1170.0000  2.956E-46
 1175.0000  3.277E-46
 1180.0000  3.660E-46
 1185.0000  4.120E-46
 1190.0000  4.679E-46
 1195.0000  5.369E-46
 1200.0000  6.232E-46
 1205.0000  7.328E-46
 1210.0000  8.741E-46
 1215.0000  1.059E-45
 1220.0000  1.306E-45
 1225.0000  1.641E-45
 1230.0000  2.100E-45
 1235.0000  2.737E-45
 1240.0000  3.618E-45
 1245.0000  4.816E-45
 1250.0000  6.375E-45
 1255.0000  8.248E-45
 1260.0000  1.031E-44
 1265.0000  1.278E-44
 1270.0000  1.699E-44
 1275.0000  2.486E-44
 1280.0000  3.481E-44
 1285.0000  3.976E-44
 1290.0000  3.509E-44
 1295.0000  2.554E-44
 1300.0000  1.825E-44
 1305.0000  1.481E-44
 1310.0000  1.318E-44
 1315.0000  1.188E-44
 1320.0000  1.080E-44
 1325.0000  1.029E-44
 1330.0000  1.044E-44
 1335.0000  1.091E-44
 1340.0000  1.127E-44
 1345.0000  1.146E-44
 1350.0000  1.189E-44
 1355.0000  1.305E-44
 1360.0000  1.518E-44
 1365.0000  1.829E-44
 1370.0000  2.256E-44
 1375.0000  2.838E-44
 1380.0000  3.536E-44
 1385.0000  4.083E-44
 1390.0000  4.147E-44
 1395.0000  3.711E-44
 1400.0000  3.055E-44
 1405.0000  2.462E-44
 1410.0000  1.996E-44
 1415.0000  1.620E-44
 1420.0000  1.307E-44
 1425.0000  1.051E-44
 1430.0000  8.471E-45
 1435.0000  6.868E-45
 1440.0000  5.617E-45
 1445.0000  4.637E-45
 1450.0000  3.866E-45
 1455.0000  3.254E-45
 1460.0000  2.764E-45
 1465.0000  2.367E-45
 1470.0000  2.043E-45
 1475.0000  1.777E-45
 1480.0000  1.555E-45
 1485.0000  1.370E-45
 1490.0000  1.213E-45
 1495.0000  1.080E-45
 1500.0000  9.664E-46
 1505.0000  8.685E-46
 1510.0000  7.837E-46
 1515.0000  7.100E-46
 1520.0000  6.455E-46
 1525.0000  5.888E-46
 1530.0000  5.388E-46
 1535.0000  4.945E-46
 1540.0000  4.551E-46
 1545.0000  4.199E-46
 1550.0000  3.884E-46
 1555.0000  3.601E-46
 1560.0000  3.346E-46
 1565.0000  3.115E-46
 1570.0000  2.905E-46
 1575.0000  2.715E-46
 1580.0000  2.542E-46
 1585.0000  2.383E-46
 1590.0000  2.238E-46
 1595.0000  2.105E-46
 1600.0000  1.983E-46
 1605.0000  1.871E-46
 1610.0000  1.767E-46
 1615.0000  1.671E-46
 1620.0000  1.582E-46
 1625.0000  1.499E-46
 1630.0000  1.423E-46
 1635.0000  1.352E-46
 1640.0000  1.285E-46
 1645.0000  1.223E-46
 1650.0000  1.166E-46
 1655.0000  1.111E-46
 1660.0000  1.061E-46
 1665.0000  1.013E-46
 1670.0000  9.688E-47
 1675.0000  9.269E-47
 1680.0000  8.875E-47
 1685.0000  8.504E-47
 1690.0000  8.154E-47
 1695.0000  7.824E-47
 1700.0000  7.512E-47
 1705.0000  7.218E-47
 1710.0000  6.939E-47
 1715.0000  6.675E-47
 1720.0000  6.425E-47
 1725.0000  6.187E-47
 1730.0000  5.962E-47
 1735.0000  5.748E-47
 1740.0000  5.545E-47
 1745.0000  5.351E-47
 1750.0000  5.167E-47
 1755.0000  4.992E-47
 1760.0000  4.825E-47
 1765.0000  4.665E-47
 1770.0000  4.513E-47
 1775.0000  4.367E-47
 1780.0000  4.228E-47
 1785.0000  4.095E-47
 1790.0000  3.968E-47
 1795.0000  3.847E-47
 1800.0000  3.730E-47
 1805.0000  3.619E-47
 1810.0000  3.512E-47
 1815.0000  3.409E-47
 1820.0000  3.310E-47
 1825.0000  3.216E-47
 1830.0000  3.125E-47
 1835.0000  3.038E-47
 1840.0000  2.954E-47
 1845.0000  2.873E-47
 1850.0000  2.795E-47
 1855.0000  2.720E-47
 1860.0000  2.648E-47
 1865.0000  2.579E-47
 1870.0000  2.512E-47
 1875.0000  2.448E-47
 1880.0000  2.385E-47
 1885.0000  2.325E-47
 1890.0000  2.268E-47
 1895.0000  2.212E-47
 1900.0000  2.158E-47
 1905.0000  2.105E-47
 1910.0000  2.055E-47
 1915.0000  2.006E-47
 1920.0000  1.959E-47
 1925.0000  1.913E-47
 1930.0000  1.869E-47
 1935.0000  1.827E-47
 1940.0000  1.785E-47
 1945.0000  1.745E-47
 1950.0000  1.706E-47
 1955.0000  1.669E-47
 1960.0000  1.632E-47
 1965.0000  1.597E-47
 1970.0000  1.562E-47
 1975.0000  1.529E-47
 1980.0000  1.497E-47
 1985.0000  1.465E-47
 1990.0000  1.435E-47
 1995.0000  1.405E-47
 2000.0000  1.376E-47
            CO2-CH4   0.000000 2000.0000    401 250.00 8.742e-44 5.000                    Model.  28
    0.0000  0.000E+00
    5.0000  1.756E-45
   10.0000  6.744E-45
   15.0000  1.417E-44
   20.0000  2.294E-44
   25.0000  3.192E-44
   30.0000  4.019E-44
   35.0000  4.714E-44
   40.0000  5.252E-44
   45.0000  5.632E-44
   50.0000  5.836E-44
   55.0000  5.921E-44
   60.0000  5.922E-44
   65.0000  5.870E-44
   70.0000  5.795E-44
   75.0000  5.722E-44
   80.0000  5.667E-44
   85.0000  5.632E-44
   90.0000  5.617E-44
   95.0000  5.629E-44
  100.0000  5.667E-44
  105.0000  5.712E-44
  110.0000  5.756E-44
  115.0000  5.812E-44
  120.0000  5.908E-44
  125.0000  6.037E-44
  130.0000  6.177E-44
  135.0000  6.323E-44
  140.0000  6.476E-44
  145.0000  6.611E-44
  150.0000  6.697E-44
  155.0000  6.771E-44
  160.0000  6.930E-44
  165.0000  7.176E-44
  170.0000  7.402E-44
  175.0000  7.544E-44
  180.0000  7.626E-44
  185.0000  7.691E-44
  190.0000  7.774E-44
  195.0000  7.894E-44
  200.0000  8.042E-44
  205.0000  8.188E-44
  210.0000  8.274E-44
  215.0000  8.284E-44
  220.0000  8.304E-44
  225.0000  8.425E-44
  230.0000  8.586E-44
  235.0000  8.677E-44
  240.0000  8.665E-44
  245.0000  8.587E-44
  250.0000  8.522E-44
  255.0000  8.559E-44
  260.0000  8.671E-44
  265.0000  8.742E-44
  270.0000  8.692E-44
  275.0000  8.500E-44
  280.0000  8.238E-44
  285.0000  8.055E-44
  290.0000  7.998E-44
  295.0000  7.950E-44
  300.0000  7.817E-44
  305.0000  7.588E-44
  310.0000  7.316E-44
  315.0000  7.099E-44
  320.0000  6.996E-44
  325.0000  6.942E-44
  330.0000  6.846E-44
  335.0000  6.659E-44
  340.0000  6.393E-44
  345.0000  6.140E-44
  350.0000  6.003E-44
  355.0000  5.944E-44
  360.0000  5.852E-44
  365.0000  5.672E-44
  370.0000  5.410E-44
  375.0000  5.127E-44
  380.0000  4.908E-44
  385.0000  4.763E-44
  390.0000  4.623E-44
  395.0000  4.439E-44
  400.0000  4.207E-44
  405.0000  3.958E-44
  410.0000  3.749E-44
  415.0000  3.604E-44
  420.0000  3.482E-44
  425.0000  3.339E-44
  430.0000  3.159E-44
  435.0000  2.957E-44
  440.0000  2.775E-44
  445.0000  2.647E-44
  450.0000  2.550E-44
  455.0000  2.444E-44
  460.0000  2.310E-44
  465.0000  2.153E-44
  470.0000  1.997E-44
  475.0000  1.868E-44
  480.0000  1.766E-44
  485.0000  1.669E-44
  490.0000  1.565E-44
  495.0000  1.452E-44
  500.0000  1.340E-44
  505.0000  1.242E-44
  510.0000  1.164E-44
  515.0000  1.093E-44
  520.0000  1.021E-44
  525.0000  9.438E-45
  530.0000  8.669E-45
  535.0000  7.983E-45
  540.0000  7.431E-45
  545.0000  6.954E-45
  550.0000  6.477E-45
  555.0000  5.974E-45
  560.0000  5.460E-45
  565.0000  4.978E-45
  570.0000  4.569E-45
  575.0000  4.223E-45
  580.0000  3.899E-45
  585.0000  3.579E-45
  590.0000  3.262E-45
  595.0000  2.961E-45
  600.0000  2.698E-45
  605.0000  2.472E-45
  610.0000  2.269E-45
  615.0000  2.076E-45
  620.0000  1.889E-45
  625.0000  1.713E-45
  630.0000  1.555E-45
  635.0000  1.420E-45
  640.0000  1.299E-45
  645.0000  1.184E-45
  650.0000  1.074E-45
  655.0000  9.704E-46
  660.0000  8.755E-46
  665.0000  7.920E-46
  670.0000  7.181E-46
  675.0000  6.504E-46
  680.0000  5.877E-46
  685.0000  5.298E-46
  690.0000  4.770E-46
  695.0000  4.294E-46
  700.0000  3.869E-46
  705.0000  3.489E-46
  710.0000  3.152E-46
  715.0000  2.852E-46
  720.0000  2.585E-46
  725.0000  2.348E-46
  730.0000  2.137E-46
  735.0000  1.948E-46
  740.0000  1.780E-46
  745.0000  1.630E-46
  750.0000  1.496E-46
  755.0000  1.376E-46
  760.0000  1.268E-46
  765.0000  1.171E-46
  770.0000  1.085E-46
  775.0000  1.007E-46
  780.0000  9.370E-47
  785.0000  8.744E-47
  790.0000  8.181E-47
  795.0000  7.676E-47
  800.0000  7.222E-47
  805.0000  6.815E-47
  810.0000  6.449E-47
  815.0000  6.122E-47
  820.0000  5.830E-47
  825.0000  5.571E-47
  830.0000  5.341E-47
  835.0000  5.137E-47
  840.0000  4.955E-47
  845.0000  4.795E-47
  850.0000  4.653E-47
  855.0000  4.530E-47
  860.0000  4.425E-47
  865.0000  4.336E-47
  870.0000  4.263E-47
  875.0000  4.202E-47
  880.0000  4.154E-47
  885.0000  4.116E-47
  890.0000  4.089E-47
  895.0000  4.072E-47
  900.0000  4.065E-47
  905.0000  4.068E-47
  910.0000  4.081E-47
  915.0000  4.103E-47
  920.0000  4.134E-47
  925.0000  4.174E-47
  930.0000  4.221E-47
  935.0000  4.277E-47
  940.0000  4.342E-47
  945.0000  4.415E-47
  950.0000  4.498E-47
  955.0000  4.589E-47
  960.0000  4.690E-47
  965.0000  4.799E-47
  970.0000  4.918E-47
  975.0000  5.047E-47
  980.0000  5.185E-47
  985.0000  5.334E-47
  990.0000  5.493E-47
  995.0000  5.663E-47
 1000.0000  5.844E-47
 1005.0000  6.038E-47
 1010.0000  6.244E-47
 1015.0000  6.463E-47
 1020.0000  6.697E-47
 1025.0000  6.946E-47
 1030.0000  7.211E-47
 1035.0000  7.493E-47
 1040.0000  7.794E-47
 1045.0000  8.116E-47
 1050.0000  8.460E-47
 1055.0000  8.827E-47
 1060.0000  9.220E-47
 1065.0000  9.642E-47
 1070.0000  1.010E-46
 1075.0000  1.058E-46
 1080.0000  1.111E-46
 1085.0000  1.168E-46
 1090.0000  1.229E-46
 1095.0000  1.296E-46
 1100.0000  1.368E-46
 1105.0000  1.447E-46
 1110.0000  1.534E-46
 1115.0000  1.628E-46
 1120.0000  1.733E-46
 1125.0000  1.848E-46
 1130.0000  1.976E-46
 1135.0000  2.119E-46
 1140.0000  2.279E-46
 1145.0000  2.459E-46
 1150.0000  2.663E-46
 1155.0000  2.895E-46
 1160.0000  3.162E-46
 1165.0000  3.469E-46
 1170.0000  3.827E-46
 1175.0000  4.247E-46
 1180.0000  4.745E-46
 1185.0000  5.341E-46
 1190.0000  6.061E-46
 1195.0000  6.942E-46
 1200.0000  8.032E-46
 1205.0000  9.399E-46
 1210.0000  1.113E-45
 1215.0000  1.337E-45
 1220.0000  1.628E-45
 1225.0000  2.012E-45
 1230.0000  2.521E-45
 1235.0000  3.197E-45
 1240.0000  4.087E-45
 1245.0000  5.226E-45
 1250.0000  6.612E-45
 1255.0000  8.162E-45
 1260.0000  9.756E-45
 1265.0000  1.152E-44
 1270.0000  1.437E-44
 1275.0000  1.955E-44
 1280.0000  2.605E-44
 1285.0000  2.932E-44
 1290.0000  2.636E-44
 1295.0000  2.022E-44
 1300.0000  1.551E-44
 1305.0000  1.322E-44
 1310.0000  1.207E-44
 1315.0000  1.113E-44
 1320.0000  1.035E-44
 1325.0000  9.945E-45
 1330.0000  1.001E-44
 1335.0000  1.035E-44
 1340.0000  1.071E-44
 1345.0000  1.105E-44
 1350.0000  1.163E-44
 1355.0000  1.274E-44
 1360.0000  1.446E-44
 1365.0000  1.676E-44
 1370.0000  1.967E-44
 1375.0000  2.345E-44
 1380.0000  2.792E-44
 1385.0000  3.144E-44
 1390.0000  3.185E-44
 1395.0000  2.910E-44
 1400.0000  2.500E-44
 1405.0000  2.128E-44
 1410.0000  1.822E-44
 1415.0000  1.551E-44
 1420.0000  1.304E-44
 1425.0000  1.086E-44
 1430.0000  8.995E-45
 1435.0000  7.458E-45
 1440.0000  6.207E-45
 1445.0000  5.196E-45
 1450.0000  4.380E-45
 1455.0000  3.719E-45
 1460.0000  3.181E-45
 1465.0000  2.741E-45
 1470.0000  2.377E-45
 1475.0000  2.075E-45
 1480.0000  1.822E-45
 1485.0000  1.609E-45
 1490.0000  1.429E-45
 1495.0000  1.275E-45
 1500.0000  1.142E-45
 1505.0000  1.028E-45
 1510.0000  9.291E-46
 1515.0000  8.427E-46
 1520.0000  7.670E-46
 1525.0000  7.003E-46
 1530.0000  6.414E-46
 1535.0000  5.891E-46
 1540.0000  5.425E-46
 1545.0000  5.009E-46
 1550.0000  4.636E-46
 1555.0000  4.300E-46
 1560.0000  3.997E-46
 1565.0000  3.722E-46
 1570.0000  3.474E-46
 1575.0000  3.247E-46
 1580.0000  3.041E-46
 1585.0000  2.853E-46
 1590.0000  2.680E-46
 1595.0000  2.521E-46
 1600.0000  2.376E-46
 1605.0000  2.241E-46
 1610.0000  2.117E-46
 1615.0000  2.003E-46
 1620.0000  1.897E-46
 1625.0000  1.798E-46
 1630.0000  1.707E-46
 1635.0000  1.621E-46
 1640.0000  1.542E-46
 1645.0000  1.468E-46
 1650.0000  1.399E-46
 1655.0000  1.334E-46
 1660.0000  1.274E-46
 1665.0000  1.217E-46
 1670.0000  1.163E-46
 1675.0000  1.113E-46
 1680.0000  1.066E-46
 1685.0000  1.022E-46
 1690.0000  9.796E-47
 1695.0000  9.400E-47
 1700.0000  9.027E-47
 1705.0000  8.674E-47
 1710.0000  8.339E-47
 1715.0000  8.023E-47
 1720.0000  7.723E-47
 1725.0000  7.438E-47
 1730.0000  7.168E-47
 1735.0000  6.911E-47
 1740.0000  6.667E-47
 1745.0000  6.435E-47
 1750.0000  6.214E-47
 1755.0000  6.003E-47
 1760.0000  5.803E-47
 1765.0000  5.611E-47
 1770.0000  5.428E-47
 1775.0000  5.254E-47
 1780.0000  5.087E-47
 1785.0000  4.927E-47
 1790.0000  4.775E-47
 1795.0000  4.628E-47
 1800.0000  4.488E-47
 1805.0000  4.354E-47
 1810.0000  4.226E-47
 1815.0000  4.102E-47
 1820.0000  3.984E-47
 1825.0000  3.870E-47
 1830.0000  3.761E-47
 1835.0000  3.656E-47
 1840.0000  3.555E-47
 1845.0000  3.458E-47
 1850.0000  3.365E-47
 1855.0000  3.275E-47
 1860.0000  3.188E-47
 1865.0000  3.105E-47
 1870.0000  3.025E-47
 1875.0000  2.947E-47
 1880.0000  2.872E-47
 1885.0000  2.800E-47
 1890.0000  2.730E-47
 1895.0000  2.663E-47
 1900.0000  2.598E-47
 1905.0000  2.535E-47
 1910.0000  2.475E-47
 1915.0000  2.416E-47
 1920.0000  2.359E-47
 1925.0000  2.305E-47
 1930.0000  2.251E-47
 1935.0000  2.200E-47
 1940.0000  2.150E-47
 1945.0000  2.102E-47
 1950.0000  2.055E-47
 1955.0000  2.010E-47
 1960.0000  1.966E-47
 1965.0000  1.923E-47
 1970.0000  1.882E-47
 1975.0000  1.842E-47
 1980.0000  1.803E-47
 1985.0000  1.765E-47
 1990.0000  1.729E-47
 1995.0000  1.693E-47
 2000.0000  1.658E-47
            CO2-CH4   0.000000 2000.0000    401 300.00 7.325e-44 5.000                    Model.  28
    0.0000  0.000E+00
    5.0000  1.165E-45
   10.0000  4.527E-45
   15.0000  9.693E-45
   20.0000  1.608E-44
   25.0000  2.301E-44
   30.0000  2.986E-44
   35.0000  3.611E-44
   40.0000  4.140E-44
   45.0000  4.558E-44
   50.0000  4.802E-44
   55.0000  4.924E-44
   60.0000  4.952E-44
   65.0000  4.915E-44
   70.0000  4.841E-44
   75.0000  4.756E-44
   80.0000  4.677E-44
   85.0000  4.615E-44
   90.0000  4.574E-44
   95.0000  4.557E-44
  100.0000  4.575E-44
  105.0000  4.599E-44
  110.0000  4.627E-44
  115.0000  4.668E-44
  120.0000  4.729E-44
  125.0000  4.809E-44
  130.0000  4.898E-44
  135.0000  4.991E-44
  140.0000  5.086E-44
  145.0000  5.173E-44
  150.0000  5.241E-44
  155.0000  5.310E-44
  160.0000  5.418E-44
  165.0000  5.566E-44
  170.0000  5.709E-44
  175.0000  5.819E-44
  180.0000  5.902E-44
  185.0000  5.981E-44
  190.0000  6.068E-44
  195.0000  6.174E-44
  200.0000  6.298E-44
  205.0000  6.426E-44
  210.0000  6.529E-44
  215.0000  6.597E-44
  220.0000  6.668E-44
  225.0000  6.783E-44
  230.0000  6.914E-44
  235.0000  7.007E-44
  240.0000  7.045E-44
  245.0000  7.055E-44
  250.0000  7.076E-44
  255.0000  7.142E-44
  260.0000  7.240E-44
  265.0000  7.316E-44
  270.0000  7.325E-44
  275.0000  7.252E-44
  280.0000  7.139E-44
  285.0000  7.066E-44
  290.0000  7.057E-44
  295.0000  7.051E-44
  300.0000  6.991E-44
  305.0000  6.869E-44
  310.0000  6.723E-44
  315.0000  6.606E-44
  320.0000  6.550E-44
  325.0000  6.522E-44
  330.0000  6.467E-44
  335.0000  6.350E-44
  340.0000  6.179E-44
  345.0000  6.014E-44
  350.0000  5.920E-44
  355.0000  5.877E-44
  360.0000  5.814E-44
  365.0000  5.688E-44
  370.0000  5.505E-44
  375.0000  5.304E-44
  380.0000  5.144E-44
  385.0000  5.031E-44
  390.0000  4.920E-44
  395.0000  4.776E-44
  400.0000  4.593E-44
  405.0000  4.396E-44
  410.0000  4.230E-44
  415.0000  4.112E-44
  420.0000  4.010E-44
  425.0000  3.886E-44
  430.0000  3.726E-44
  435.0000  3.545E-44
  440.0000  3.381E-44
  445.0000  3.264E-44
  450.0000  3.177E-44
  455.0000  3.079E-44
  460.0000  2.951E-44
  465.0000  2.797E-44
  470.0000  2.639E-44
  475.0000  2.507E-44
  480.0000  2.400E-44
  485.0000  2.299E-44
  490.0000  2.187E-44
  495.0000  2.063E-44
  500.0000  1.937E-44
  505.0000  1.826E-44
  510.0000  1.736E-44
  515.0000  1.652E-44
  520.0000  1.565E-44
  525.0000  1.469E-44
  530.0000  1.373E-44
  535.0000  1.286E-44
  540.0000  1.216E-44
  545.0000  1.154E-44
  550.0000  1.091E-44
  555.0000  1.022E-44
  560.0000  9.492E-45
  565.0000  8.797E-45
  570.0000  8.204E-45
  575.0000  7.697E-45
  580.0000  7.217E-45
  585.0000  6.726E-45
  590.0000  6.223E-45
  595.0000  5.736E-45
  600.0000  5.304E-45
  605.0000  4.933E-45
  610.0000  4.595E-45
  615.0000  4.265E-45
  620.0000  3.937E-45
  625.0000  3.620E-45
  630.0000  3.334E-45
  635.0000  3.087E-45
  640.0000  2.867E-45
  645.0000  2.653E-45
  650.0000  2.442E-45
  655.0000  2.237E-45
  660.0000  2.047E-45
  665.0000  1.881E-45
  670.0000  1.734E-45
  675.0000  1.596E-45
  680.0000  1.464E-45
  685.0000  1.336E-45
  690.0000  1.218E-45
  695.0000  1.113E-45
  700.0000  1.020E-45
  705.0000  9.353E-46
  710.0000  8.555E-46
  715.0000  7.795E-46
  720.0000  7.086E-46
  725.0000  6.447E-46
  730.0000  5.883E-46
  735.0000  5.375E-46
  740.0000  4.907E-46
  745.0000  4.471E-46
  750.0000  4.068E-46
  755.0000  3.698E-46
  760.0000  3.363E-46
  765.0000  3.062E-46
  770.0000  2.791E-46
  775.0000  2.550E-46
  780.0000  2.335E-46
  785.0000  2.144E-46
  790.0000  1.973E-46
  795.0000  1.821E-46
  800.0000  1.685E-46
  805.0000  1.563E-46
  810.0000  1.453E-46
  815.0000  1.356E-46
  820.0000  1.269E-46
  825.0000  1.191E-46
  830.0000  1.122E-46
  835.0000  1.060E-46
  840.0000  1.004E-46
  845.0000  9.526E-47
  850.0000  9.064E-47
  855.0000  8.649E-47
  860.0000  8.281E-47
  865.0000  7.961E-47
  870.0000  7.681E-47
  875.0000  7.433E-47
  880.0000  7.210E-47
  885.0000  7.008E-47
  890.0000  6.825E-47
  895.0000  6.664E-47
  900.0000  6.526E-47
  905.0000  6.416E-47
  910.0000  6.330E-47
  915.0000  6.265E-47
  920.0000  6.213E-47
  925.0000  6.174E-47
  930.0000  6.145E-47
  935.0000  6.129E-47
  940.0000  6.128E-47
  945.0000  6.144E-47
  950.0000  6.179E-47
  955.0000  6.231E-47
  960.0000  6.295E-47
  965.0000  6.369E-47
  970.0000  6.454E-47
  975.0000  6.549E-47
  980.0000  6.657E-47
  985.0000  6.781E-47
  990.0000  6.922E-47
  995.0000  7.080E-47
 1000.0000  7.255E-47
 1005.0000  7.445E-47
 1010.0000  7.651E-47
 1015.0000  7.874E-47
 1020.0000  8.115E-47
 1025.0000  8.377E-47
 1030.0000  8.661E-47
 1035.0000  8.967E-47
 1040.0000  9.299E-47
 1045.0000  9.658E-47
 1050.0000  1.005E-46
 1055.0000  1.046E-46
 1060.0000  1.092E-46
 1065.0000  1.140E-46
 1070.0000  1.193E-46
 1075.0000  1.250E-46
 1080.0000  1.312E-46
 1085.0000  1.379E-46
 1090.0000  1.452E-46
 1095.0000  1.531E-46
 1100.0000  1.617E-46
 1105.0000  1.712E-46
 1110.0000  1.815E-46
 1115.0000  1.929E-46
 1120.0000  2.054E-46
 1125.0000  2.193E-46
 1130.0000  2.348E-46
 1135.0000  2.520E-46
 1140.0000  2.712E-46
 1145.0000  2.929E-46
 1150.0000  3.174E-46
 1155.0000  3.453E-46
 1160.0000  3.772E-46
 1165.0000  4.139E-46
 1170.0000  4.565E-46
 1175.0000  5.062E-46
 1180.0000  5.648E-46
 1185.0000  6.343E-46
 1190.0000  7.177E-46
 1195.0000  8.186E-46
 1200.0000  9.419E-46
 1205.0000  1.094E-45
 1210.0000  1.284E-45
 1215.0000  1.524E-45
 1220.0000  1.828E-45
 1225.0000  2.217E-45
 1230.0000  2.715E-45
 1235.0000  3.350E-45
 1240.0000  4.147E-45
 1245.0000  5.114E-45
 1250.0000  6.225E-45
 1255.0000  7.407E-45
 1260.0000  8.569E-45
 1265.0000  9.798E-45
 1270.0000  1.167E-44
 1275.0000  1.498E-44
 1280.0000  1.910E-44
 1285.0000  2.119E-44
 1290.0000  1.941E-44
 1295.0000  1.561E-44
 1300.0000  1.267E-44
 1305.0000  1.121E-44
 1310.0000  1.044E-44
 1315.0000  9.811E-45
 1320.0000  9.293E-45
 1325.0000  9.035E-45
 1330.0000  9.095E-45
 1335.0000  9.367E-45
 1340.0000  9.696E-45
 1345.0000  1.007E-44
 1350.0000  1.062E-44
 1355.0000  1.152E-44
 1360.0000  1.279E-44
 1365.0000  1.436E-44
 1370.0000  1.624E-44
 1375.0000  1.861E-44
 1380.0000  2.137E-44
 1385.0000  2.356E-44
 1390.0000  2.382E-44
 1395.0000  2.211E-44
 1400.0000  1.961E-44
 1405.0000  1.735E-44
 1410.0000  1.543E-44
 1415.0000  1.363E-44
 1420.0000  1.185E-44
 1425.0000  1.017E-44
 1430.0000  8.651E-45
 1435.0000  7.333E-45
 1440.0000  6.216E-45
 1445.0000  5.282E-45
 1450.0000  4.507E-45
 1455.0000  3.866E-45
 1460.0000  3.334E-45
 1465.0000  2.891E-45
 1470.0000  2.522E-45
 1475.0000  2.212E-45
 1480.0000  1.950E-45
 1485.0000  1.728E-45
 1490.0000  1.539E-45
 1495.0000  1.376E-45
 1500.0000  1.236E-45
 1505.0000  1.115E-45
 1510.0000  1.009E-45
 1515.0000  9.166E-46
 1520.0000  8.353E-46
 1525.0000  7.637E-46
 1530.0000  7.002E-46
 1535.0000  6.437E-46
 1540.0000  5.934E-46
 1545.0000  5.483E-46
 1550.0000  5.078E-46
 1555.0000  4.713E-46
 1560.0000  4.384E-46
 1565.0000  4.086E-46
 1570.0000  3.815E-46
 1575.0000  3.568E-46
 1580.0000  3.343E-46
 1585.0000  3.137E-46
 1590.0000  2.948E-46
 1595.0000  2.775E-46
 1600.0000  2.616E-46
 1605.0000  2.469E-46
 1610.0000  2.333E-46
 1615.0000  2.207E-46
 1620.0000  2.091E-46
 1625.0000  1.983E-46
 1630.0000  1.883E-46
 1635.0000  1.789E-46
 1640.0000  1.702E-46
 1645.0000  1.621E-46
 1650.0000  1.545E-46
 1655.0000  1.473E-46
 1660.0000  1.407E-46
 1665.0000  1.344E-46
 1670.0000  1.285E-46
 1675.0000  1.230E-46
 1680.0000  1.178E-46
 1685.0000  1.129E-46
 1690.0000  1.083E-46
 1695.0000  1.040E-46
 1700.0000  9.984E-47
 1705.0000  9.595E-47
 1710.0000  9.226E-47
 1715.0000  8.877E-47
 1720.0000  8.546E-47
 1725.0000  8.232E-47
 1730.0000  7.934E-47
 1735.0000  7.651E-47
 1740.0000  7.382E-47
 1745.0000  7.125E-47
 1750.0000  6.881E-47
 1755.0000  6.649E-47
 1760.0000  6.427E-47
 1765.0000  6.215E-47
 1770.0000  6.013E-47
 1775.0000  5.820E-47
 1780.0000  5.636E-47
 1785.0000  5.460E-47
 1790.0000  5.291E-47
 1795.0000  5.129E-47
 1800.0000  4.975E-47
 1805.0000  4.826E-47
 1810.0000  4.684E-47
 1815.0000  4.548E-47
 1820.0000  4.417E-47
 1825.0000  4.291E-47
 1830.0000  4.170E-47
 1835.0000  4.054E-47
 1840.0000  3.942E-47
 1845.0000  3.835E-47
 1850.0000  3.732E-47
 1855.0000  3.632E-47
 1860.0000  3.536E-47
 1865.0000  3.444E-47
 1870.0000  3.355E-47
 1875.0000  3.269E-47
 1880.0000  3.186E-47
 1885.0000  3.106E-47
 1890.0000  3.029E-47
 1895.0000  2.955E-47
 1900.0000  2.883E-47
 1905.0000  2.813E-47
 1910.0000  2.746E-47
 1915.0000  2.681E-47
 1920.0000  2.618E-47
 1925.0000  2.557E-47
 1930.0000  2.499E-47
 1935.0000  2.442E-47
 1940.0000  2.386E-47
 1945.0000  2.333E-47
 1950.0000  2.281E-47
 1955.0000  2.231E-47
 1960.0000  2.182E-47
 1965.0000  2.135E-47
 1970.0000  2.089E-47
 1975.0000  2.045E-47
 1980.0000  2.002E-47
 1985.0000  1.960E-47
 1990.0000  1.919E-47
 1995.0000  1.880E-47
 2000.0000  1.841E-47
            CO2-CH4   0.000000 2000.0000    401 350.00 6.317e-44 5.000                    Model.  28
    0.0000  0.000E+00
    5.0000  8.536E-46
   10.0000  3.337E-45
   15.0000  7.218E-45
   20.0000  1.214E-44
   25.0000  1.766E-44
   30.0000  2.335E-44
   35.0000  2.881E-44
   40.0000  3.372E-44
   45.0000  3.788E-44
   50.0000  4.062E-44
   55.0000  4.228E-44
   60.0000  4.301E-44
   65.0000  4.302E-44
   70.0000  4.255E-44
   75.0000  4.183E-44
   80.0000  4.105E-44
   85.0000  4.033E-44
   90.0000  3.974E-44
   95.0000  3.936E-44
  100.0000  3.939E-44
  105.0000  3.948E-44
  110.0000  3.962E-44
  115.0000  3.986E-44
  120.0000  4.024E-44
  125.0000  4.075E-44
  130.0000  4.132E-44
  135.0000  4.194E-44
  140.0000  4.258E-44
  145.0000  4.319E-44
  150.0000  4.373E-44
  155.0000  4.430E-44
  160.0000  4.508E-44
  165.0000  4.607E-44
  170.0000  4.706E-44
  175.0000  4.790E-44
  180.0000  4.862E-44
  185.0000  4.934E-44
  190.0000  5.011E-44
  195.0000  5.100E-44
  200.0000  5.201E-44
  205.0000  5.308E-44
  210.0000  5.404E-44
  215.0000  5.482E-44
  220.0000  5.564E-44
  225.0000  5.666E-44
  230.0000  5.775E-44
  235.0000  5.863E-44
  240.0000  5.924E-44
  245.0000  5.971E-44
  250.0000  6.027E-44
  255.0000  6.105E-44
  260.0000  6.198E-44
  265.0000  6.277E-44
  270.0000  6.317E-44
  275.0000  6.309E-44
  280.0000  6.278E-44
  285.0000  6.269E-44
  290.0000  6.293E-44
  295.0000  6.316E-44
  300.0000  6.303E-44
  305.0000  6.250E-44
  310.0000  6.180E-44
  315.0000  6.126E-44
  320.0000  6.106E-44
  325.0000  6.100E-44
  330.0000  6.076E-44
  335.0000  6.009E-44
  340.0000  5.905E-44
  345.0000  5.802E-44
  350.0000  5.742E-44
  355.0000  5.713E-44
  360.0000  5.672E-44
  365.0000  5.589E-44
  370.0000  5.465E-44
  375.0000  5.329E-44
  380.0000  5.216E-44
  385.0000  5.131E-44
  390.0000  5.045E-44
  395.0000  4.935E-44
  400.0000  4.796E-44
  405.0000  4.648E-44
  410.0000  4.522E-44
  415.0000  4.430E-44
  420.0000  4.346E-44
  425.0000  4.243E-44
  430.0000  4.107E-44
  435.0000  3.954E-44
  440.0000  3.816E-44
  445.0000  3.716E-44
  450.0000  3.640E-44
  455.0000  3.555E-44
  460.0000  3.442E-44
  465.0000  3.304E-44
  470.0000  3.160E-44
  475.0000  3.037E-44
  480.0000  2.934E-44
  485.0000  2.836E-44
  490.0000  2.728E-44
  495.0000  2.608E-44
  500.0000  2.484E-44
  505.0000  2.373E-44
  510.0000  2.280E-44
  515.0000  2.192E-44
  520.0000  2.098E-44
  525.0000  1.995E-44
  530.0000  1.890E-44
  535.0000  1.796E-44
  540.0000  1.718E-44
  545.0000  1.649E-44
  550.0000  1.576E-44
  555.0000  1.495E-44
  560.0000  1.408E-44
  565.0000  1.324E-44
  570.0000  1.252E-44
  575.0000  1.189E-44
  580.0000  1.129E-44
  585.0000  1.066E-44
  590.0000  9.999E-45
  595.0000  9.352E-45
  600.0000  8.769E-45
  605.0000  8.260E-45
  610.0000  7.791E-45
  615.0000  7.327E-45
  620.0000  6.854E-45
  625.0000  6.390E-45
  630.0000  5.966E-45
  635.0000  5.597E-45
  640.0000  5.262E-45
  645.0000  4.933E-45
  650.0000  4.599E-45
  655.0000  4.267E-45
  660.0000  3.958E-45
  665.0000  3.683E-45
  670.0000  3.437E-45
  675.0000  3.203E-45
  680.0000  2.973E-45
  685.0000  2.747E-45
  690.0000  2.534E-45
  695.0000  2.344E-45
  700.0000  2.175E-45
  705.0000  2.018E-45
  710.0000  1.868E-45
  715.0000  1.723E-45
  720.0000  1.585E-45
  725.0000  1.460E-45
  730.0000  1.349E-45
  735.0000  1.248E-45
  740.0000  1.152E-45
  745.0000  1.059E-45
  750.0000  9.697E-46
  755.0000  8.874E-46
  760.0000  8.135E-46
  765.0000  7.467E-46
  770.0000  6.851E-46
  775.0000  6.275E-46
  780.0000  5.738E-46
  785.0000  5.240E-46
  790.0000  4.784E-46
  795.0000  4.369E-46
  800.0000  3.994E-46
  805.0000  3.656E-46
  810.0000  3.352E-46
  815.0000  3.081E-46
  820.0000  2.841E-46
  825.0000  2.629E-46
  830.0000  2.440E-46
  835.0000  2.270E-46
  840.0000  2.117E-46
  845.0000  1.978E-46
  850.0000  1.851E-46
  855.0000  1.737E-46
  860.0000  1.637E-46
  865.0000  1.549E-46
  870.0000  1.473E-46
  875.0000  1.404E-46
  880.0000  1.341E-46
  885.0000  1.282E-46
  890.0000  1.226E-46
  895.0000  1.175E-46
  900.0000  1.130E-46
  905.0000  1.093E-46
  910.0000  1.062E-46
  915.0000  1.036E-46
  920.0000  1.011E-46
  925.0000  9.884E-47
  930.0000  9.665E-47
  935.0000  9.461E-47
  940.0000  9.286E-47
  945.0000  9.157E-47
  950.0000  9.079E-47
  955.0000  9.035E-47
  960.0000  9.008E-47
  965.0000  8.989E-47
  970.0000  8.976E-47
  975.0000  8.970E-47
  980.0000  8.981E-47
  985.0000  9.023E-47
  990.0000  9.103E-47
  995.0000  9.216E-47
 1000.0000  9.351E-47
 1005.0000  9.500E-47
 1010.0000  9.659E-47
 1015.0000  9.831E-47
 1020.0000  1.002E-46
 1025.0000  1.024E-46
 1030.0000  1.049E-46
 1035.0000  1.078E-46
 1040.0000  1.111E-46
 1045.0000  1.147E-46
 1050.0000  1.185E-46
 1055.0000  1.227E-46
 1060.0000  1.273E-46
 1065.0000  1.322E-46
 1070.0000  1.377E-46
 1075.0000  1.436E-46
 1080.0000  1.502E-46
 1085.0000  1.573E-46
 1090.0000  1.652E-46
 1095.0000  1.738E-46
 1100.0000  1.832E-46
 1105.0000  1.936E-46
 1110.0000  2.050E-46
 1115.0000  2.177E-46
 1120.0000  2.316E-46
 1125.0000  2.470E-46
 1130.0000  2.642E-46
 1135.0000  2.833E-46
 1140.0000  3.048E-46
 1145.0000  3.288E-46
 1150.0000  3.560E-46
 1155.0000  3.868E-46
 1160.0000  4.219E-46
 1165.0000  4.622E-46
 1170.0000  5.086E-46
 1175.0000  5.625E-46
 1180.0000  6.254E-46
 1185.0000  6.995E-46
 1190.0000  7.873E-46
 1195.0000  8.922E-46
 1200.0000  1.019E-45
 1205.0000  1.172E-45
 1210.0000  1.360E-45
 1215.0000  1.591E-45
 1220.0000  1.877E-45
 1225.0000  2.232E-45
 1230.0000  2.671E-45
 1235.0000  3.209E-45
 1240.0000  3.855E-45
 1245.0000  4.607E-45
 1250.0000  5.436E-45
 1255.0000  6.287E-45
 1260.0000  7.105E-45
 1265.0000  7.945E-45
 1270.0000  9.160E-45
 1275.0000  1.123E-44
 1280.0000  1.377E-44
 1285.0000  1.509E-44
 1290.0000  1.405E-44
 1295.0000  1.179E-44
 1300.0000  1.001E-44
 1305.0000  9.101E-45
 1310.0000  8.611E-45
 1315.0000  8.219E-45
 1320.0000  7.912E-45
 1325.0000  7.779E-45
 1330.0000  7.857E-45
 1335.0000  8.083E-45
 1340.0000  8.368E-45
 1345.0000  8.699E-45
 1350.0000  9.157E-45
 1355.0000  9.821E-45
 1360.0000  1.069E-44
 1365.0000  1.171E-44
 1370.0000  1.289E-44
 1375.0000  1.432E-44
 1380.0000  1.598E-44
 1385.0000  1.730E-44
 1390.0000  1.744E-44
 1395.0000  1.641E-44
 1400.0000  1.492E-44
 1405.0000  1.357E-44
 1410.0000  1.240E-44
 1415.0000  1.125E-44
 1420.0000  1.005E-44
 1425.0000  8.852E-45
 1430.0000  7.712E-45
 1435.0000  6.676E-45
 1440.0000  5.762E-45
 1445.0000  4.972E-45
 1450.0000  4.297E-45
 1455.0000  3.725E-45
 1460.0000  3.242E-45
 1465.0000  2.833E-45
 1470.0000  2.487E-45
 1475.0000  2.193E-45
 1480.0000  1.942E-45
 1485.0000  1.728E-45
 1490.0000  1.544E-45
 1495.0000  1.385E-45
 1500.0000  1.248E-45
 1505.0000  1.128E-45
 1510.0000  1.023E-45
 1515.0000  9.310E-46
 1520.0000  8.499E-46
 1525.0000  7.781E-46
 1530.0000  7.144E-46
 1535.0000  6.577E-46
 1540.0000  6.069E-46
 1545.0000  5.614E-46
 1550.0000  5.205E-46
 1555.0000  4.835E-46
 1560.0000  4.501E-46
 1565.0000  4.198E-46
 1570.0000  3.923E-46
 1575.0000  3.672E-46
 1580.0000  3.442E-46
 1585.0000  3.232E-46
 1590.0000  3.040E-46
 1595.0000  2.863E-46
 1600.0000  2.700E-46
 1605.0000  2.549E-46
 1610.0000  2.410E-46
 1615.0000  2.281E-46
 1620.0000  2.162E-46
 1625.0000  2.051E-46
 1630.0000  1.948E-46
 1635.0000  1.852E-46
 1640.0000  1.763E-46
 1645.0000  1.679E-46
 1650.0000  1.601E-46
 1655.0000  1.527E-46
 1660.0000  1.459E-46
 1665.0000  1.394E-46
 1670.0000  1.334E-46
 1675.0000  1.277E-46
 1680.0000  1.223E-46
 1685.0000  1.173E-46
 1690.0000  1.125E-46
 1695.0000  1.080E-46
 1700.0000  1.037E-46
 1705.0000  9.972E-47
 1710.0000  9.591E-47
 1715.0000  9.230E-47
 1720.0000  8.888E-47
 1725.0000  8.563E-47
 1730.0000  8.255E-47
 1735.0000  7.961E-47
 1740.0000  7.682E-47
 1745.0000  7.417E-47
 1750.0000  7.164E-47
 1755.0000  6.923E-47
 1760.0000  6.693E-47
 1765.0000  6.474E-47
 1770.0000  6.265E-47
 1775.0000  6.064E-47
 1780.0000  5.873E-47
 1785.0000  5.690E-47
 1790.0000  5.515E-47
 1795.0000  5.347E-47
 1800.0000  5.187E-47
 1805.0000  5.033E-47
 1810.0000  4.885E-47
 1815.0000  4.743E-47
 1820.0000  4.607E-47
 1825.0000  4.476E-47
 1830.0000  4.351E-47
 1835.0000  4.230E-47
 1840.0000  4.114E-47
 1845.0000  4.003E-47
 1850.0000  3.895E-47
 1855.0000  3.792E-47
 1860.0000  3.692E-47
 1865.0000  3.596E-47
 1870.0000  3.503E-47
 1875.0000  3.414E-47
 1880.0000  3.328E-47
 1885.0000  3.244E-47
 1890.0000  3.164E-47
 1895.0000  3.087E-47
 1900.0000  3.012E-47
 1905.0000  2.939E-47
 1910.0000  2.869E-47
 1915.0000  2.802E-47
 1920.0000  2.736E-47
 1925.0000  2.673E-47
 1930.0000  2.611E-47
 1935.0000  2.552E-47
 1940.0000  2.494E-47
 1945.0000  2.439E-47
 1950.0000  2.385E-47
 1955.0000  2.332E-47
 1960.0000  2.282E-47
 1965.0000  2.232E-47
 1970.0000  2.185E-47
 1975.0000  2.138E-47
 1980.0000  2.093E-47
 1985.0000  2.050E-47
 1990.0000  2.007E-47
 1995.0000  1.966E-47
 2000.0000  1.926E-47
             CO2-CH4         5      1200    240    100 3.115E-43 5.000                            46
    5.0000  9.5958E-45
   10.0000  3.6876E-44
   15.0000  7.7880E-44
   20.0000  1.2703E-43
   25.0000  1.7801E-43
   30.0000  2.2511E-43
   35.0000  2.6376E-43
   40.0000  2.9119E-43
   45.0000  3.0684E-43
   50.0000  3.1155E-43
   55.0000  3.0698E-43
   60.0000  2.9562E-43
   65.0000  2.7955E-43
   70.0000  2.6099E-43
   75.0000  2.4173E-43
   80.0000  2.2289E-43
   85.0000  2.0558E-43
   90.0000  1.9020E-43
   95.0000  1.7718E-43
  100.0000  1.6651E-43
  105.0000  1.5806E-43
  110.0000  1.5183E-43
  115.0000  1.4725E-43
  120.0000  1.4435E-43
  125.0000  1.4255E-43
  130.0000  1.4158E-43
  135.0000  1.4144E-43
  140.0000  1.4185E-43
  145.0000  1.4282E-43
  150.0000  1.4393E-43
  155.0000  1.4504E-43
  160.0000  1.4559E-43
  165.0000  1.4573E-43
  170.0000  1.4532E-43
  175.0000  1.4448E-43
  180.0000  1.4324E-43
  185.0000  1.4171E-43
  190.0000  1.3964E-43
  195.0000  1.3702E-43
  200.0000  1.3400E-43
  205.0000  1.3080E-43
  210.0000  1.2757E-43
  215.0000  1.2440E-43
  220.0000  1.2128E-43
  225.0000  1.1812E-43
  230.0000  1.1494E-43
  235.0000  1.1172E-43
  240.0000  1.0854E-43
  245.0000  1.0538E-43
  250.0000  1.0221E-43
  255.0000  9.8950E-44
  260.0000  9.5570E-44
  265.0000  9.2093E-44
  270.0000  8.8547E-44
  275.0000  8.4890E-44
  280.0000  8.1094E-44
  285.0000  7.7201E-44
  290.0000  7.3253E-44
  295.0000  6.9361E-44
  300.0000  6.5579E-44
  305.0000  6.1963E-44
  310.0000  5.8528E-44
  315.0000  5.5245E-44
  320.0000  5.2086E-44
  325.0000  4.9080E-44
  330.0000  4.6268E-44
  335.0000  4.3650E-44
  340.0000  4.1254E-44
  345.0000  3.9037E-44
  350.0000  3.6987E-44
  355.0000  3.5034E-44
  360.0000  3.3164E-44
  365.0000  3.1349E-44
  370.0000  2.9603E-44
  375.0000  2.7941E-44
  380.0000  2.6376E-44
  385.0000  2.4893E-44
  390.0000  2.3522E-44
  395.0000  2.2220E-44
  400.0000  2.1001E-44
  405.0000  1.9837E-44
  410.0000  1.8729E-44
  415.0000  1.7676E-44
  420.0000  1.6665E-44
  425.0000  1.5737E-44
  430.0000  1.4850E-44
  435.0000  1.4033E-44
  440.0000  1.3257E-44
  445.0000  1.2535E-44
  450.0000  1.1858E-44
  455.0000  1.1226E-44
  460.0000  1.0639E-44
  465.0000  1.0092E-44
  470.0000  9.5806E-45
  475.0000  9.0957E-45
  480.0000  8.6344E-45
  485.0000  8.1925E-45
  490.0000  7.7714E-45
  495.0000  7.3738E-45
  500.0000  6.9984E-45
  505.0000  6.6466E-45
  510.0000  6.3210E-45
  515.0000  6.0190E-45
  520.0000  5.7378E-45
  525.0000  5.4732E-45
  530.0000  5.2239E-45
  535.0000  4.9828E-45
  540.0000  4.7501E-45
  545.0000  4.5257E-45
  550.0000  4.3068E-45
  555.0000  4.0990E-45
  560.0000  3.8996E-45
  565.0000  3.7112E-45
  570.0000  3.5325E-45
  575.0000  3.3648E-45
  580.0000  3.2069E-45
  585.0000  3.0573E-45
  590.0000  2.9160E-45
  595.0000  2.7803E-45
  600.0000  2.6486E-45
  605.0000  2.5212E-45
  610.0000  2.3965E-45
  615.0000  2.2760E-45
  620.0000  2.1583E-45
  625.0000  2.0474E-45
  630.0000  1.9408E-45
  635.0000  1.8396E-45
  640.0000  1.7441E-45
  645.0000  1.6526E-45
  650.0000  1.5667E-45
  655.0000  1.4864E-45
  660.0000  1.4074E-45
  665.0000  1.3321E-45
  670.0000  1.2588E-45
  675.0000  1.1879E-45
  680.0000  1.1197E-45
  685.0000  1.0543E-45
  690.0000  9.9200E-46
  695.0000  9.3285E-46
  700.0000  8.7702E-46
  705.0000  8.2438E-46
  710.0000  7.7479E-46
  715.0000  7.2824E-46
  720.0000  6.8405E-46
  725.0000  6.4194E-46
  730.0000  6.0176E-46
  735.0000  5.6325E-46
  740.0000  5.2654E-46
  745.0000  4.9163E-46
  750.0000  4.5867E-46
  755.0000  4.2750E-46
  760.0000  3.9827E-46
  765.0000  3.7084E-46
  770.0000  3.4521E-46
  775.0000  3.2125E-46
  780.0000  2.9894E-46
  785.0000  2.7803E-46
  790.0000  2.5822E-46
  795.0000  2.3951E-46
  800.0000  2.2206E-46
  805.0000  2.0544E-46
  810.0000  1.8992E-46
  815.0000  1.7551E-46
  820.0000  1.6194E-46
  825.0000  1.4947E-46
  830.0000  1.3782E-46
  835.0000  1.2704E-46
  840.0000  1.1707E-46
  845.0000  1.0783E-46
  850.0000  9.9241E-47
  855.0000  9.1248E-47
  860.0000  8.3809E-47
  865.0000  7.6897E-47
  870.0000  7.0469E-47
  875.0000  6.4540E-47
  880.0000  5.9041E-47
  885.0000  5.3984E-47
  890.0000  4.9330E-47
  895.0000  4.5063E-47
  900.0000  4.1129E-47
  905.0000  3.7541E-47
  910.0000  3.4230E-47
  915.0000  3.1196E-47
  920.0000  2.8398E-47
  925.0000  2.5835E-47
  930.0000  2.3480E-47
  935.0000  2.1319E-47
  940.0000  1.9338E-47
  945.0000  1.7538E-47
  950.0000  1.5889E-47
  955.0000  1.4379E-47
  960.0000  1.3019E-47
  965.0000  1.1776E-47
  970.0000  1.0647E-47
  975.0000  9.6194E-48
  980.0000  8.6857E-48
  985.0000  7.8351E-48
  990.0000  7.0635E-48
  995.0000  6.3612E-48
 1000.0000  5.7253E-48
 1005.0000  5.1491E-48
 1010.0000  4.6282E-48
 1015.0000  4.1572E-48
 1020.0000  3.7319E-48
 1025.0000  3.3482E-48
 1030.0000  3.0019E-48
 1035.0000  2.6916E-48
 1040.0000  2.4104E-48
 1045.0000  2.1583E-48
 1050.0000  1.9297E-48
 1055.0000  1.7247E-48
 1060.0000  1.5418E-48
 1065.0000  1.3757E-48
 1070.0000  1.2274E-48
 1075.0000  1.0942E-48
 1080.0000  9.7510E-49
 1085.0000  8.6843E-49
 1090.0000  7.7298E-49
 1095.0000  6.8765E-49
 1100.0000  6.1146E-49
 1105.0000  5.4344E-49
 1110.0000  4.8263E-49
 1115.0000  4.2847E-49
 1120.0000  3.8012E-49
 1125.0000  3.3704E-49
 1130.0000  2.9853E-49
 1135.0000  2.6445E-49
 1140.0000  2.3411E-49
 1145.0000  2.0710E-49
 1150.0000  1.8313E-49
 1155.0000  1.6180E-49
 1160.0000  1.4296E-49
 1165.0000  1.2621E-49
 1170.0000  1.1138E-49
 1175.0000  9.8244E-50
 1180.0000  8.6608E-50
 1185.0000  7.6315E-50
 1190.0000  6.7200E-50
 1195.0000  5.9151E-50
 1200.0000  5.2045E-50
             CO2-CH4         5      1200    240    200 9.079E-44 5.000                            46
    5.0000  2.0308E-45
   10.0000  7.8711E-45
   15.0000  1.6887E-44
   20.0000  2.8218E-44
   25.0000  4.0852E-44
   30.0000  5.3707E-44
   35.0000  6.5676E-44
   40.0000  7.5872E-44
   45.0000  8.3615E-44
   50.0000  8.8588E-44
   55.0000  9.0791E-44
   60.0000  9.0486E-44
   65.0000  8.8131E-44
   70.0000  8.4253E-44
   75.0000  7.9390E-44
   80.0000  7.4057E-44
   85.0000  6.8654E-44
   90.0000  6.3487E-44
   95.0000  5.8791E-44
  100.0000  5.4677E-44
  105.0000  5.1228E-44
  110.0000  4.8443E-44
  115.0000  4.6282E-44
  120.0000  4.4703E-44
  125.0000  4.3622E-44
  130.0000  4.2999E-44
  135.0000  4.2777E-44
  140.0000  4.2888E-44
  145.0000  4.3290E-44
  150.0000  4.3927E-44
  155.0000  4.4689E-44
  160.0000  4.5465E-44
  165.0000  4.6227E-44
  170.0000  4.6961E-44
  175.0000  4.7695E-44
  180.0000  4.8402E-44
  185.0000  4.9039E-44
  190.0000  4.9565E-44
  195.0000  4.9981E-44
  200.0000  5.0313E-44
  205.0000  5.0576E-44
  210.0000  5.0826E-44
  215.0000  5.1089E-44
  220.0000  5.1338E-44
  225.0000  5.1518E-44
  230.0000  5.1657E-44
  235.0000  5.1768E-44
  240.0000  5.1851E-44
  245.0000  5.1879E-44
  250.0000  5.1796E-44
  255.0000  5.1546E-44
  260.0000  5.1103E-44
  265.0000  5.0535E-44
  270.0000  4.9842E-44
  275.0000  4.9053E-44
  280.0000  4.8138E-44
  285.0000  4.7113E-44
  290.0000  4.5963E-44
  295.0000  4.4772E-44
  300.0000  4.3595E-44
  305.0000  4.2459E-44
  310.0000  4.1351E-44
  315.0000  4.0270E-44
  320.0000  3.9176E-44
  325.0000  3.8081E-44
  330.0000  3.7056E-44
  335.0000  3.6086E-44
  340.0000  3.5172E-44
  345.0000  3.4299E-44
  350.0000  3.3385E-44
  355.0000  3.2429E-44
  360.0000  3.1432E-44
  365.0000  3.0379E-44
  370.0000  2.9326E-44
  375.0000  2.8274E-44
  380.0000  2.7235E-44
  385.0000  2.6196E-44
  390.0000  2.5184E-44
  395.0000  2.4201E-44
  400.0000  2.3231E-44
  405.0000  2.2275E-44
  410.0000  2.1333E-44
  415.0000  2.0419E-44
  420.0000  1.9546E-44
  425.0000  1.8715E-44
  430.0000  1.7939E-44
  435.0000  1.7205E-44
  440.0000  1.6499E-44
  445.0000  1.5792E-44
  450.0000  1.5113E-44
  455.0000  1.4435E-44
  460.0000  1.3806E-44
  465.0000  1.3209E-44
  470.0000  1.2646E-44
  475.0000  1.2110E-44
  480.0000  1.1592E-44
  485.0000  1.1086E-44
  490.0000  1.0590E-44
  495.0000  1.0114E-44
  500.0000  9.6609E-45
  505.0000  9.2356E-45
  510.0000  8.8381E-45
  515.0000  8.4668E-45
  520.0000  8.1150E-45
  525.0000  7.7756E-45
  530.0000  7.4403E-45
  535.0000  7.1106E-45
  540.0000  6.7879E-45
  545.0000  6.4789E-45
  550.0000  6.1853E-45
  555.0000  5.9082E-45
  560.0000  5.6478E-45
  565.0000  5.4012E-45
  570.0000  5.1643E-45
  575.0000  4.9399E-45
  580.0000  4.7266E-45
  585.0000  4.5243E-45
  590.0000  4.3345E-45
  595.0000  4.1544E-45
  600.0000  3.9841E-45
  605.0000  3.8206E-45
  610.0000  3.6613E-45
  615.0000  3.5061E-45
  620.0000  3.3579E-45
  625.0000  3.2152E-45
  630.0000  3.0809E-45
  635.0000  2.9534E-45
  640.0000  2.8343E-45
  645.0000  2.7221E-45
  650.0000  2.6154E-45
  655.0000  2.5129E-45
  660.0000  2.4132E-45
  665.0000  2.3162E-45
  670.0000  2.2220E-45
  675.0000  2.1319E-45
  680.0000  2.0447E-45
  685.0000  1.9629E-45
  690.0000  1.8840E-45
  695.0000  1.8078E-45
  700.0000  1.7371E-45
  705.0000  1.6693E-45
  710.0000  1.6055E-45
  715.0000  1.5460E-45
  720.0000  1.4878E-45
  725.0000  1.4310E-45
  730.0000  1.3763E-45
  735.0000  1.3220E-45
  740.0000  1.2688E-45
  745.0000  1.2172E-45
  750.0000  1.1676E-45
  755.0000  1.1206E-45
  760.0000  1.0759E-45
  765.0000  1.0340E-45
  770.0000  9.9449E-46
  775.0000  9.5695E-46
  780.0000  9.2093E-46
  785.0000  8.8575E-46
  790.0000  8.5098E-46
  795.0000  8.1648E-46
  800.0000  7.8268E-46
  805.0000  7.4957E-46
  810.0000  7.1771E-46
  815.0000  6.8724E-46
  820.0000  6.5828E-46
  825.0000  6.3086E-46
  830.0000  6.0495E-46
  835.0000  5.8029E-46
  840.0000  5.5688E-46
  845.0000  5.3416E-46
  850.0000  5.1186E-46
  855.0000  4.8997E-46
  860.0000  4.6836E-46
  865.0000  4.4731E-46
  870.0000  4.2680E-46
  875.0000  4.0713E-46
  880.0000  3.8843E-46
  885.0000  3.7070E-46
  890.0000  3.5380E-46
  895.0000  3.3787E-46
  900.0000  3.2277E-46
  905.0000  3.0822E-46
  910.0000  2.9423E-46
  915.0000  2.8066E-46
  920.0000  2.6722E-46
  925.0000  2.5420E-46
  930.0000  2.4159E-46
  935.0000  2.2940E-46
  940.0000  2.1777E-46
  945.0000  2.0682E-46
  950.0000  1.9629E-46
  955.0000  1.8646E-46
  960.0000  1.7718E-46
  965.0000  1.6831E-46
  970.0000  1.6000E-46
  975.0000  1.5183E-46
  980.0000  1.4393E-46
  985.0000  1.3635E-46
  990.0000  1.2898E-46
  995.0000  1.2190E-46
 1000.0000  1.1516E-46
 1005.0000  1.0874E-46
 1010.0000  1.0268E-46
 1015.0000  9.6983E-47
 1020.0000  9.1622E-47
 1025.0000  8.6566E-47
 1030.0000  8.1801E-47
 1035.0000  7.7271E-47
 1040.0000  7.2921E-47
 1045.0000  6.8737E-47
 1050.0000  6.4706E-47
 1055.0000  6.0869E-47
 1060.0000  5.7198E-47
 1065.0000  5.3735E-47
 1070.0000  5.0466E-47
 1075.0000  4.7390E-47
 1080.0000  4.4509E-47
 1085.0000  4.1822E-47
 1090.0000  3.9286E-47
 1095.0000  3.6918E-47
 1100.0000  3.4660E-47
 1105.0000  3.2512E-47
 1110.0000  3.0462E-47
 1115.0000  2.8509E-47
 1120.0000  2.6667E-47
 1125.0000  2.4921E-47
 1130.0000  2.3273E-47
 1135.0000  2.1735E-47
 1140.0000  2.0308E-47
 1145.0000  1.8964E-47
 1150.0000  1.7718E-47
 1155.0000  1.6554E-47
 1160.0000  1.5460E-47
 1165.0000  1.4435E-47
 1170.0000  1.3452E-47
 1175.0000  1.2530E-47
 1180.0000  1.1660E-47
 1185.0000  1.0841E-47
 1190.0000  1.0075E-47
 1195.0000  9.3603E-48
 1200.0000  8.6940E-48
             CO2-CH4         5      1200    240    300 5.696E-44 5.000                            46
    5.0000  1.0074E-45
   10.0000  3.9148E-45
   15.0000  8.4474E-45
   20.0000  1.4255E-44
   25.0000  2.0959E-44
   30.0000  2.8107E-44
   35.0000  3.5241E-44
   40.0000  4.1891E-44
   45.0000  4.7626E-44
   50.0000  5.2114E-44
   55.0000  5.5189E-44
   60.0000  5.6783E-44
   65.0000  5.6963E-44
   70.0000  5.5937E-44
   75.0000  5.3929E-44
   80.0000  5.1241E-44
   85.0000  4.8125E-44
   90.0000  4.4841E-44
   95.0000  4.1600E-44
  100.0000  3.8538E-44
  105.0000  3.5782E-44
  110.0000  3.3399E-44
  115.0000  3.1390E-44
  120.0000  2.9756E-44
  125.0000  2.8495E-44
  130.0000  2.7567E-44
  135.0000  2.6971E-44
  140.0000  2.6653E-44
  145.0000  2.6583E-44
  150.0000  2.6708E-44
  155.0000  2.7013E-44
  160.0000  2.7401E-44
  165.0000  2.7858E-44
  170.0000  2.8370E-44
  175.0000  2.8952E-44
  180.0000  2.9576E-44
  185.0000  3.0213E-44
  190.0000  3.0836E-44
  195.0000  3.1446E-44
  200.0000  3.2028E-44
  205.0000  3.2623E-44
  210.0000  3.3219E-44
  215.0000  3.3828E-44
  220.0000  3.4452E-44
  225.0000  3.5048E-44
  230.0000  3.5615E-44
  235.0000  3.6170E-44
  240.0000  3.6724E-44
  245.0000  3.7209E-44
  250.0000  3.7624E-44
  255.0000  3.7915E-44
  260.0000  3.8067E-44
  265.0000  3.8137E-44
  270.0000  3.8109E-44
  275.0000  3.8026E-44
  280.0000  3.7873E-44
  285.0000  3.7610E-44
  290.0000  3.7264E-44
  295.0000  3.6890E-44
  300.0000  3.6502E-44
  305.0000  3.6156E-44
  310.0000  3.5809E-44
  315.0000  3.5463E-44
  320.0000  3.5075E-44
  325.0000  3.4687E-44
  330.0000  3.4327E-44
  335.0000  3.3995E-44
  340.0000  3.3690E-44
  345.0000  3.3357E-44
  350.0000  3.2956E-44
  355.0000  3.2471E-44
  360.0000  3.1917E-44
  365.0000  3.1321E-44
  370.0000  3.0698E-44
  375.0000  3.0061E-44
  380.0000  2.9382E-44
  385.0000  2.8675E-44
  390.0000  2.7983E-44
  395.0000  2.7290E-44
  400.0000  2.6597E-44
  405.0000  2.5905E-44
  410.0000  2.5212E-44
  415.0000  2.4519E-44
  420.0000  2.3854E-44
  425.0000  2.3217E-44
  430.0000  2.2608E-44
  435.0000  2.2026E-44
  440.0000  2.1444E-44
  445.0000  2.0835E-44
  450.0000  2.0197E-44
  455.0000  1.9560E-44
  460.0000  1.8951E-44
  465.0000  1.8355E-44
  470.0000  1.7787E-44
  475.0000  1.7233E-44
  480.0000  1.6679E-44
  485.0000  1.6125E-44
  490.0000  1.5571E-44
  495.0000  1.5030E-44
  500.0000  1.4504E-44
  505.0000  1.4019E-44
  510.0000  1.3545E-44
  515.0000  1.3098E-44
  520.0000  1.2667E-44
  525.0000  1.2240E-44
  530.0000  1.1811E-44
  535.0000  1.1379E-44
  540.0000  1.0948E-44
  545.0000  1.0529E-44
  550.0000  1.0129E-44
  555.0000  9.7524E-45
  560.0000  9.3949E-45
  565.0000  9.0500E-45
  570.0000  8.7120E-45
  575.0000  8.3809E-45
  580.0000  8.0623E-45
  585.0000  7.7603E-45
  590.0000  7.4777E-45
  595.0000  7.2118E-45
  600.0000  6.9596E-45
  605.0000  6.7144E-45
  610.0000  6.4734E-45
  615.0000  6.2324E-45
  620.0000  5.9969E-45
  625.0000  5.7697E-45
  630.0000  5.5522E-45
  635.0000  5.3458E-45
  640.0000  5.1518E-45
  645.0000  4.9662E-45
  650.0000  4.7875E-45
  655.0000  4.6116E-45
  660.0000  4.4398E-45
  665.0000  4.2708E-45
  670.0000  4.1101E-45
  675.0000  3.9550E-45
  680.0000  3.8095E-45
  685.0000  3.6710E-45
  690.0000  3.5380E-45
  695.0000  3.4078E-45
  700.0000  3.2831E-45
  705.0000  3.1626E-45
  710.0000  3.0476E-45
  715.0000  2.9396E-45
  720.0000  2.8370E-45
  725.0000  2.7373E-45
  730.0000  2.6417E-45
  735.0000  2.5475E-45
  740.0000  2.4533E-45
  745.0000  2.3633E-45
  750.0000  2.2760E-45
  755.0000  2.1943E-45
  760.0000  2.1167E-45
  765.0000  2.0447E-45
  770.0000  1.9754E-45
  775.0000  1.9103E-45
  780.0000  1.8466E-45
  785.0000  1.7842E-45
  790.0000  1.7219E-45
  795.0000  1.6609E-45
  800.0000  1.6014E-45
  805.0000  1.5446E-45
  810.0000  1.4892E-45
  815.0000  1.4365E-45
  820.0000  1.3867E-45
  825.0000  1.3394E-45
  830.0000  1.2947E-45
  835.0000  1.2522E-45
  840.0000  1.2114E-45
  845.0000  1.1719E-45
  850.0000  1.1333E-45
  855.0000  1.0951E-45
  860.0000  1.0571E-45
  865.0000  1.0200E-45
  870.0000  9.8382E-46
  875.0000  9.4905E-46
  880.0000  9.1595E-46
  885.0000  8.8464E-46
  890.0000  8.5513E-46
  895.0000  8.2701E-46
  900.0000  8.0014E-46
  905.0000  7.7395E-46
  910.0000  7.4847E-46
  915.0000  7.2298E-46
  920.0000  6.9776E-46
  925.0000  6.7297E-46
  930.0000  6.4873E-46
  935.0000  6.2531E-46
  940.0000  6.0287E-46
  945.0000  5.8140E-46
  950.0000  5.6090E-46
  955.0000  5.4150E-46
  960.0000  5.2294E-46
  965.0000  5.0521E-46
  970.0000  4.8803E-46
  975.0000  4.7113E-46
  980.0000  4.5437E-46
  985.0000  4.3761E-46
  990.0000  4.2126E-46
  995.0000  4.0519E-46
 1000.0000  3.8968E-46
 1005.0000  3.7472E-46
 1010.0000  3.6059E-46
 1015.0000  3.4715E-46
 1020.0000  3.3441E-46
 1025.0000  3.2235E-46
 1030.0000  3.1058E-46
 1035.0000  2.9922E-46
 1040.0000  2.8800E-46
 1045.0000  2.7692E-46
 1050.0000  2.6583E-46
 1055.0000  2.5503E-46
 1060.0000  2.4464E-46
 1065.0000  2.3453E-46
 1070.0000  2.2483E-46
 1075.0000  2.1569E-46
 1080.0000  2.0710E-46
 1085.0000  1.9893E-46
 1090.0000  1.9117E-46
 1095.0000  1.8355E-46
 1100.0000  1.7621E-46
 1105.0000  1.6900E-46
 1110.0000  1.6180E-46
 1115.0000  1.5474E-46
 1120.0000  1.4795E-46
 1125.0000  1.4144E-46
 1130.0000  1.3509E-46
 1135.0000  1.2912E-46
 1140.0000  1.2347E-46
 1145.0000  1.1814E-46
 1150.0000  1.1308E-46
 1155.0000  1.0825E-46
 1160.0000  1.0358E-46
 1165.0000  9.9006E-47
 1170.0000  9.4531E-47
 1175.0000  9.0154E-47
 1180.0000  8.5901E-47
 1185.0000  8.1801E-47
 1190.0000  7.7880E-47
 1195.0000  7.4140E-47
 1200.0000  7.0621E-47
             CO2-CH4         5      1200    240    400 4.422E-44 5.000                            46
    5.0000  6.4554E-46
   10.0000  2.5101E-45
   15.0000  5.4303E-45
   20.0000  9.2135E-45
   25.0000  1.3653E-44
   30.0000  1.8521E-44
   35.0000  2.3577E-44
   40.0000  2.8551E-44
   45.0000  3.3164E-44
   50.0000  3.7167E-44
   55.0000  4.0353E-44
   60.0000  4.2611E-44
   65.0000  4.3899E-44
   70.0000  4.4218E-44
   75.0000  4.3664E-44
   80.0000  4.2403E-44
   85.0000  4.0589E-44
   90.0000  3.8400E-44
   95.0000  3.6017E-44
  100.0000  3.3579E-44
  105.0000  3.1224E-44
  110.0000  2.9022E-44
  115.0000  2.7041E-44
  120.0000  2.5323E-44
  125.0000  2.3896E-44
  130.0000  2.2732E-44
  135.0000  2.1846E-44
  140.0000  2.1209E-44
  145.0000  2.0793E-44
  150.0000  2.0599E-44
  155.0000  2.0558E-44
  160.0000  2.0641E-44
  165.0000  2.0835E-44
  170.0000  2.1112E-44
  175.0000  2.1472E-44
  180.0000  2.1887E-44
  185.0000  2.2358E-44
  190.0000  2.2857E-44
  195.0000  2.3370E-44
  200.0000  2.3896E-44
  205.0000  2.4450E-44
  210.0000  2.5018E-44
  215.0000  2.5628E-44
  220.0000  2.6251E-44
  225.0000  2.6874E-44
  230.0000  2.7498E-44
  235.0000  2.8121E-44
  240.0000  2.8744E-44
  245.0000  2.9326E-44
  250.0000  2.9867E-44
  255.0000  3.0324E-44
  260.0000  3.0698E-44
  265.0000  3.1016E-44
  270.0000  3.1266E-44
  275.0000  3.1487E-44
  280.0000  3.1640E-44
  285.0000  3.1737E-44
  290.0000  3.1764E-44
  295.0000  3.1764E-44
  300.0000  3.1764E-44
  305.0000  3.1764E-44
  310.0000  3.1792E-44
  315.0000  3.1792E-44
  320.0000  3.1764E-44
  325.0000  3.1723E-44
  330.0000  3.1695E-44
  335.0000  3.1681E-44
  340.0000  3.1667E-44
  345.0000  3.1612E-44
  350.0000  3.1501E-44
  355.0000  3.1293E-44
  360.0000  3.1030E-44
  365.0000  3.0725E-44
  370.0000  3.0393E-44
  375.0000  3.0033E-44
  380.0000  2.9645E-44
  385.0000  2.9215E-44
  390.0000  2.8772E-44
  395.0000  2.8329E-44
  400.0000  2.7899E-44
  405.0000  2.7470E-44
  410.0000  2.7013E-44
  415.0000  2.6570E-44
  420.0000  2.6112E-44
  425.0000  2.5697E-44
  430.0000  2.5309E-44
  435.0000  2.4935E-44
  440.0000  2.4519E-44
  445.0000  2.4062E-44
  450.0000  2.3577E-44
  455.0000  2.3065E-44
  460.0000  2.2566E-44
  465.0000  2.2081E-44
  470.0000  2.1610E-44
  475.0000  2.1139E-44
  480.0000  2.0641E-44
  485.0000  2.0142E-44
  490.0000  1.9629E-44
  495.0000  1.9131E-44
  500.0000  1.8660E-44
  505.0000  1.8189E-44
  510.0000  1.7745E-44
  515.0000  1.7316E-44
  520.0000  1.6887E-44
  525.0000  1.6471E-44
  530.0000  1.6028E-44
  535.0000  1.5584E-44
  540.0000  1.5127E-44
  545.0000  1.4670E-44
  550.0000  1.4227E-44
  555.0000  1.3813E-44
  560.0000  1.3411E-44
  565.0000  1.3019E-44
  570.0000  1.2623E-44
  575.0000  1.2226E-44
  580.0000  1.1841E-44
  585.0000  1.1474E-44
  590.0000  1.1131E-44
  595.0000  1.0808E-44
  600.0000  1.0498E-44
  605.0000  1.0191E-44
  610.0000  9.8853E-45
  615.0000  9.5750E-45
  620.0000  9.2703E-45
  625.0000  8.9724E-45
  630.0000  8.6843E-45
  635.0000  8.4100E-45
  640.0000  8.1454E-45
  645.0000  7.8919E-45
  650.0000  7.6440E-45
  655.0000  7.3960E-45
  660.0000  7.1508E-45
  665.0000  6.9084E-45
  670.0000  6.6770E-45
  675.0000  6.4568E-45
  680.0000  6.2476E-45
  685.0000  6.0495E-45
  690.0000  5.8570E-45
  695.0000  5.6672E-45
  700.0000  5.4774E-45
  705.0000  5.2945E-45
  710.0000  5.1186E-45
  715.0000  4.9524E-45
  720.0000  4.7958E-45
  725.0000  4.6462E-45
  730.0000  4.5008E-45
  735.0000  4.3553E-45
  740.0000  4.2112E-45
  745.0000  4.0686E-45
  750.0000  3.9314E-45
  755.0000  3.8026E-45
  760.0000  3.6807E-45
  765.0000  3.5657E-45
  770.0000  3.4577E-45
  775.0000  3.3510E-45
  780.0000  3.2471E-45
  785.0000  3.1418E-45
  790.0000  3.0379E-45
  795.0000  2.9354E-45
  800.0000  2.8370E-45
  805.0000  2.7428E-45
  810.0000  2.6528E-45
  815.0000  2.5683E-45
  820.0000  2.4852E-45
  825.0000  2.4062E-45
  830.0000  2.3300E-45
  835.0000  2.2580E-45
  840.0000  2.1887E-45
  845.0000  2.1222E-45
  850.0000  2.0571E-45
  855.0000  1.9934E-45
  860.0000  1.9311E-45
  865.0000  1.8687E-45
  870.0000  1.8078E-45
  875.0000  1.7496E-45
  880.0000  1.6928E-45
  885.0000  1.6402E-45
  890.0000  1.5903E-45
  895.0000  1.5432E-45
  900.0000  1.4975E-45
  905.0000  1.4532E-45
  910.0000  1.4088E-45
  915.0000  1.3657E-45
  920.0000  1.3228E-45
  925.0000  1.2808E-45
  930.0000  1.2404E-45
  935.0000  1.2015E-45
  940.0000  1.1643E-45
  945.0000  1.1286E-45
  950.0000  1.0942E-45
  955.0000  1.0613E-45
  960.0000  1.0297E-45
  965.0000  9.9948E-46
  970.0000  9.7039E-46
  975.0000  9.4171E-46
  980.0000  9.1345E-46
  985.0000  8.8533E-46
  990.0000  8.5749E-46
  995.0000  8.3020E-46
 1000.0000  8.0374E-46
 1005.0000  7.7839E-46
 1010.0000  7.5428E-46
 1015.0000  7.3143E-46
 1020.0000  7.0982E-46
 1025.0000  6.8931E-46
 1030.0000  6.6937E-46
 1035.0000  6.4969E-46
 1040.0000  6.3016E-46
 1045.0000  6.1049E-46
 1050.0000  5.9096E-46
 1055.0000  5.7184E-46
 1060.0000  5.5314E-46
 1065.0000  5.3513E-46
 1070.0000  5.1782E-46
 1075.0000  5.0147E-46
 1080.0000  4.8609E-46
 1085.0000  4.7127E-46
 1090.0000  4.5714E-46
 1095.0000  4.4343E-46
 1100.0000  4.2985E-46
 1105.0000  4.1628E-46
 1110.0000  4.0270E-46
 1115.0000  3.8912E-46
 1120.0000  3.7583E-46
 1125.0000  3.6294E-46
 1130.0000  3.5061E-46
 1135.0000  3.3884E-46
 1140.0000  3.2776E-46
 1145.0000  3.1723E-46
 1150.0000  3.0712E-46
 1155.0000  2.9742E-46
 1160.0000  2.8786E-46
 1165.0000  2.7830E-46
 1170.0000  2.6888E-46
 1175.0000  2.5932E-46
 1180.0000  2.5004E-46
 1185.0000  2.4104E-46
 1190.0000  2.3231E-46
 1195.0000  2.2400E-46
 1200.0000  2.1610E-46
             CO2-CH4         5      1200    240    500 3.746E-44 5.000                            46
    5.0000  4.6836E-46
   10.0000  1.8216E-45
   15.0000  3.9425E-45
   20.0000  6.7020E-45
   25.0000  9.9726E-45
   30.0000  1.3624E-44
   35.0000  1.7510E-44
   40.0000  2.1458E-44
   45.0000  2.5295E-44
   50.0000  2.8828E-44
   55.0000  3.1889E-44
   60.0000  3.4355E-44
   65.0000  3.6114E-44
   70.0000  3.7153E-44
   75.0000  3.7458E-44
   80.0000  3.7112E-44
   85.0000  3.6197E-44
   90.0000  3.4826E-44
   95.0000  3.3136E-44
  100.0000  3.1238E-44
  105.0000  2.9257E-44
  110.0000  2.7304E-44
  115.0000  2.5434E-44
  120.0000  2.3730E-44
  125.0000  2.2206E-44
  130.0000  2.0890E-44
  135.0000  1.9809E-44
  140.0000  1.8951E-44
  145.0000  1.8300E-44
  150.0000  1.7856E-44
  155.0000  1.7565E-44
  160.0000  1.7427E-44
  165.0000  1.7399E-44
  170.0000  1.7482E-44
  175.0000  1.7648E-44
  180.0000  1.7912E-44
  185.0000  1.8216E-44
  190.0000  1.8577E-44
  195.0000  1.8964E-44
  200.0000  1.9394E-44
  205.0000  1.9851E-44
  210.0000  2.0336E-44
  215.0000  2.0862E-44
  220.0000  2.1403E-44
  225.0000  2.1970E-44
  230.0000  2.2538E-44
  235.0000  2.3120E-44
  240.0000  2.3716E-44
  245.0000  2.4298E-44
  250.0000  2.4838E-44
  255.0000  2.5337E-44
  260.0000  2.5780E-44
  265.0000  2.6182E-44
  270.0000  2.6542E-44
  275.0000  2.6888E-44
  280.0000  2.7193E-44
  285.0000  2.7456E-44
  290.0000  2.7664E-44
  295.0000  2.7858E-44
  300.0000  2.8052E-44
  305.0000  2.8260E-44
  310.0000  2.8467E-44
  315.0000  2.8661E-44
  320.0000  2.8841E-44
  325.0000  2.8994E-44
  330.0000  2.9160E-44
  335.0000  2.9312E-44
  340.0000  2.9479E-44
  345.0000  2.9603E-44
  350.0000  2.9659E-44
  355.0000  2.9645E-44
  360.0000  2.9576E-44
  365.0000  2.9465E-44
  370.0000  2.9340E-44
  375.0000  2.9174E-44
  380.0000  2.8980E-44
  385.0000  2.8744E-44
  390.0000  2.8495E-44
  395.0000  2.8246E-44
  400.0000  2.8010E-44
  405.0000  2.7761E-44
  410.0000  2.7512E-44
  415.0000  2.7248E-44
  420.0000  2.6985E-44
  425.0000  2.6736E-44
  430.0000  2.6514E-44
  435.0000  2.6306E-44
  440.0000  2.6057E-44
  445.0000  2.5738E-44
  450.0000  2.5392E-44
  455.0000  2.5018E-44
  460.0000  2.4644E-44
  465.0000  2.4284E-44
  470.0000  2.3938E-44
  475.0000  2.3564E-44
  480.0000  2.3162E-44
  485.0000  2.2746E-44
  490.0000  2.2331E-44
  495.0000  2.1943E-44
  500.0000  2.1555E-44
  505.0000  2.1167E-44
  510.0000  2.0793E-44
  515.0000  2.0433E-44
  520.0000  2.0073E-44
  525.0000  1.9712E-44
  530.0000  1.9338E-44
  535.0000  1.8951E-44
  540.0000  1.8521E-44
  545.0000  1.8092E-44
  550.0000  1.7676E-44
  555.0000  1.7274E-44
  560.0000  1.6887E-44
  565.0000  1.6499E-44
  570.0000  1.6111E-44
  575.0000  1.5695E-44
  580.0000  1.5307E-44
  585.0000  1.4919E-44
  590.0000  1.4573E-44
  595.0000  1.4227E-44
  600.0000  1.3908E-44
  605.0000  1.3581E-44
  610.0000  1.3249E-44
  615.0000  1.2912E-44
  620.0000  1.2576E-44
  625.0000  1.2247E-44
  630.0000  1.1926E-44
  635.0000  1.1611E-44
  640.0000  1.1305E-44
  645.0000  1.1007E-44
  650.0000  1.0714E-44
  655.0000  1.0417E-44
  660.0000  1.0119E-44
  665.0000  9.8230E-45
  670.0000  9.5362E-45
  675.0000  9.2647E-45
  680.0000  9.0071E-45
  685.0000  8.7619E-45
  690.0000  8.5222E-45
  695.0000  8.2798E-45
  700.0000  8.0374E-45
  705.0000  7.7991E-45
  710.0000  7.5705E-45
  715.0000  7.3544E-45
  720.0000  7.1522E-45
  725.0000  6.9569E-45
  730.0000  6.7643E-45
  735.0000  6.5718E-45
  740.0000  6.3764E-45
  745.0000  6.1853E-45
  750.0000  5.9996E-45
  755.0000  5.8223E-45
  760.0000  5.6547E-45
  765.0000  5.4982E-45
  770.0000  5.3472E-45
  775.0000  5.1989E-45
  780.0000  5.0493E-45
  785.0000  4.8997E-45
  790.0000  4.7487E-45
  795.0000  4.6019E-45
  800.0000  4.4606E-45
  805.0000  4.3262E-45
  810.0000  4.1988E-45
  815.0000  4.0769E-45
  820.0000  3.9564E-45
  825.0000  3.8400E-45
  830.0000  3.7264E-45
  835.0000  3.6170E-45
  840.0000  3.5144E-45
  845.0000  3.4161E-45
  850.0000  3.3205E-45
  855.0000  3.2263E-45
  860.0000  3.1335E-45
  865.0000  3.0407E-45
  870.0000  2.9479E-45
  875.0000  2.8592E-45
  880.0000  2.7733E-45
  885.0000  2.6930E-45
  890.0000  2.6168E-45
  895.0000  2.5448E-45
  900.0000  2.4741E-45
  905.0000  2.4035E-45
  910.0000  2.3342E-45
  915.0000  2.2649E-45
  920.0000  2.1970E-45
  925.0000  2.1319E-45
  930.0000  2.0710E-45
  935.0000  2.0114E-45
  940.0000  1.9532E-45
  945.0000  1.8978E-45
  950.0000  1.8438E-45
  955.0000  1.7912E-45
  960.0000  1.7399E-45
  965.0000  1.6914E-45
  970.0000  1.6457E-45
  975.0000  1.6000E-45
  980.0000  1.5557E-45
  985.0000  1.5113E-45
  990.0000  1.4684E-45
  995.0000  1.4255E-45
 1000.0000  1.3831E-45
 1005.0000  1.3430E-45
 1010.0000  1.3049E-45
 1015.0000  1.2691E-45
 1020.0000  1.2350E-45
 1025.0000  1.2026E-45
 1030.0000  1.1707E-45
 1035.0000  1.1393E-45
 1040.0000  1.1079E-45
 1045.0000  1.0765E-45
 1050.0000  1.0453E-45
 1055.0000  1.0149E-45
 1060.0000  9.8535E-46
 1065.0000  9.5709E-46
 1070.0000  9.2994E-46
 1075.0000  9.0389E-46
 1080.0000  8.7924E-46
 1085.0000  8.5569E-46
 1090.0000  8.3324E-46
 1095.0000  8.1150E-46
 1100.0000  7.8988E-46
 1105.0000  7.6827E-46
 1110.0000  7.4639E-46
 1115.0000  7.2464E-46
 1120.0000  7.0331E-46
 1125.0000  6.8253E-46
 1130.0000  6.6272E-46
 1135.0000  6.4388E-46
 1140.0000  6.2615E-46
 1145.0000  6.0924E-46
 1150.0000  5.9318E-46
 1155.0000  5.7738E-46
 1160.0000  5.6187E-46
 1165.0000  5.4621E-46
 1170.0000  5.3042E-46
 1175.0000  5.1477E-46
 1180.0000  4.9925E-46
 1185.0000  4.8429E-46
 1190.0000  4.6989E-46
 1195.0000  4.5603E-46
 1200.0000  4.4287E-46
             CO2-CH4         5      1200    240    600 3.327E-44 5.000                            46
    5.0000  3.6544E-46
   10.0000  1.4199E-45
   15.0000  3.0712E-45
   20.0000  5.2239E-45
   25.0000  7.7894E-45
   30.0000  1.0682E-44
   35.0000  1.3811E-44
   40.0000  1.7067E-44
   45.0000  2.0336E-44
   50.0000  2.3453E-44
   55.0000  2.6320E-44
   60.0000  2.8786E-44
   65.0000  3.0767E-44
   70.0000  3.2180E-44
   75.0000  3.3011E-44
   80.0000  3.3274E-44
   85.0000  3.2997E-44
   90.0000  3.2249E-44
   95.0000  3.1141E-44
  100.0000  2.9728E-44
  105.0000  2.8149E-44
  110.0000  2.6473E-44
  115.0000  2.4783E-44
  120.0000  2.3148E-44
  125.0000  2.1624E-44
  130.0000  2.0253E-44
  135.0000  1.9048E-44
  140.0000  1.8036E-44
  145.0000  1.7205E-44
  150.0000  1.6568E-44
  155.0000  1.6083E-44
  160.0000  1.5751E-44
  165.0000  1.5557E-44
  170.0000  1.5474E-44
  175.0000  1.5487E-44
  180.0000  1.5598E-44
  185.0000  1.5764E-44
  190.0000  1.6000E-44
  195.0000  1.6291E-44
  200.0000  1.6609E-44
  205.0000  1.6970E-44
  210.0000  1.7371E-44
  215.0000  1.7801E-44
  220.0000  1.8272E-44
  225.0000  1.8757E-44
  230.0000  1.9255E-44
  235.0000  1.9782E-44
  240.0000  2.0308E-44
  245.0000  2.0835E-44
  250.0000  2.1347E-44
  255.0000  2.1818E-44
  260.0000  2.2275E-44
  265.0000  2.2691E-44
  270.0000  2.3093E-44
  275.0000  2.3480E-44
  280.0000  2.3841E-44
  285.0000  2.4173E-44
  290.0000  2.4478E-44
  295.0000  2.4769E-44
  300.0000  2.5060E-44
  305.0000  2.5364E-44
  310.0000  2.5683E-44
  315.0000  2.5974E-44
  320.0000  2.6265E-44
  325.0000  2.6542E-44
  330.0000  2.6805E-44
  335.0000  2.7082E-44
  340.0000  2.7345E-44
  345.0000  2.7595E-44
  350.0000  2.7761E-44
  355.0000  2.7872E-44
  360.0000  2.7941E-44
  365.0000  2.7983E-44
  370.0000  2.7983E-44
  375.0000  2.7969E-44
  380.0000  2.7913E-44
  385.0000  2.7830E-44
  390.0000  2.7719E-44
  395.0000  2.7622E-44
  400.0000  2.7525E-44
  405.0000  2.7428E-44
  410.0000  2.7318E-44
  415.0000  2.7193E-44
  420.0000  2.7068E-44
  425.0000  2.6957E-44
  430.0000  2.6861E-44
  435.0000  2.6777E-44
  440.0000  2.6639E-44
  445.0000  2.6459E-44
  450.0000  2.6209E-44
  455.0000  2.5960E-44
  460.0000  2.5697E-44
  465.0000  2.5448E-44
  470.0000  2.5198E-44
  475.0000  2.4921E-44
  480.0000  2.4630E-44
  485.0000  2.4312E-44
  490.0000  2.3993E-44
  495.0000  2.3688E-44
  500.0000  2.3397E-44
  505.0000  2.3120E-44
  510.0000  2.2829E-44
  515.0000  2.2552E-44
  520.0000  2.2275E-44
  525.0000  2.1998E-44
  530.0000  2.1693E-44
  535.0000  2.1375E-44
  540.0000  2.1015E-44
  545.0000  2.0641E-44
  550.0000  2.0280E-44
  555.0000  1.9934E-44
  560.0000  1.9588E-44
  565.0000  1.9241E-44
  570.0000  1.8881E-44
  575.0000  1.8493E-44
  580.0000  1.8119E-44
  585.0000  1.7773E-44
  590.0000  1.7441E-44
  595.0000  1.7136E-44
  600.0000  1.6831E-44
  605.0000  1.6513E-44
  610.0000  1.6194E-44
  615.0000  1.5861E-44
  620.0000  1.5543E-44
  625.0000  1.5210E-44
  630.0000  1.4892E-44
  635.0000  1.4573E-44
  640.0000  1.4255E-44
  645.0000  1.3950E-44
  650.0000  1.3635E-44
  655.0000  1.3319E-44
  660.0000  1.2998E-44
  665.0000  1.2675E-44
  670.0000  1.2361E-44
  675.0000  1.2059E-44
  680.0000  1.1775E-44
  685.0000  1.1505E-44
  690.0000  1.1237E-44
  695.0000  1.0964E-44
  700.0000  1.0686E-44
  705.0000  1.0413E-44
  710.0000  1.0150E-44
  715.0000  9.9020E-45
  720.0000  9.6678E-45
  725.0000  9.4407E-45
  730.0000  9.2135E-45
  735.0000  8.9835E-45
  740.0000  8.7494E-45
  745.0000  8.5181E-45
  750.0000  8.2923E-45
  755.0000  8.0762E-45
  760.0000  7.8711E-45
  765.0000  7.6744E-45
  770.0000  7.4860E-45
  775.0000  7.3004E-45
  780.0000  7.1106E-45
  785.0000  6.9181E-45
  790.0000  6.7255E-45
  795.0000  6.5371E-45
  800.0000  6.3557E-45
  805.0000  6.1853E-45
  810.0000  6.0232E-45
  815.0000  5.8653E-45
  820.0000  5.7101E-45
  825.0000  5.5563E-45
  830.0000  5.4054E-45
  835.0000  5.2599E-45
  840.0000  5.1228E-45
  845.0000  4.9912E-45
  850.0000  4.8651E-45
  855.0000  4.7418E-45
  860.0000  4.6171E-45
  865.0000  4.4911E-45
  870.0000  4.3650E-45
  875.0000  4.2431E-45
  880.0000  4.1254E-45
  885.0000  4.0145E-45
  890.0000  3.9093E-45
  895.0000  3.8095E-45
  900.0000  3.7112E-45
  905.0000  3.6128E-45
  910.0000  3.5144E-45
  915.0000  3.4175E-45
  920.0000  3.3219E-45
  925.0000  3.2305E-45
  930.0000  3.1432E-45
  935.0000  3.0615E-45
  940.0000  2.9811E-45
  945.0000  2.9022E-45
  950.0000  2.8232E-45
  955.0000  2.7470E-45
  960.0000  2.6722E-45
  965.0000  2.6016E-45
  970.0000  2.5337E-45
  975.0000  2.4686E-45
  980.0000  2.4048E-45
  985.0000  2.3411E-45
  990.0000  2.2774E-45
  995.0000  2.2151E-45
 1000.0000  2.1541E-45
 1005.0000  2.0945E-45
 1010.0000  2.0391E-45
 1015.0000  1.9865E-45
 1020.0000  1.9366E-45
 1025.0000  1.8881E-45
 1030.0000  1.8410E-45
 1035.0000  1.7939E-45
 1040.0000  1.7468E-45
 1045.0000  1.6997E-45
 1050.0000  1.6526E-45
 1055.0000  1.6083E-45
 1060.0000  1.5640E-45
 1065.0000  1.5224E-45
 1070.0000  1.4822E-45
 1075.0000  1.4435E-45
 1080.0000  1.4061E-45
 1085.0000  1.3709E-45
 1090.0000  1.3369E-45
 1095.0000  1.3041E-45
 1100.0000  1.2720E-45
 1105.0000  1.2398E-45
 1110.0000  1.2074E-45
 1115.0000  1.1750E-45
 1120.0000  1.1430E-45
 1125.0000  1.1118E-45
 1130.0000  1.0820E-45
 1135.0000  1.0539E-45
 1140.0000  1.0273E-45
 1145.0000  1.0021E-45
 1150.0000  9.7801E-46
 1155.0000  9.5432E-46
 1160.0000  9.3063E-46
 1165.0000  9.0680E-46
 1170.0000  8.8298E-46
 1175.0000  8.5929E-46
 1180.0000  8.3601E-46
 1185.0000  8.1357E-46
 1190.0000  7.9210E-46
 1195.0000  7.7146E-46
 1200.0000  7.5179E-46
