              CO2-H2         5      1500    300    100 2.052E-43 5.000                            46
    5.0000  7.4182E-46
   10.0000  2.9326E-45
   15.0000  6.4692E-45
   20.0000  1.1194E-44
   25.0000  1.6900E-44
   30.0000  2.3370E-44
   35.0000  3.0351E-44
   40.0000  3.7596E-44
   45.0000  4.4869E-44
   50.0000  5.1989E-44
   55.0000  5.8750E-44
   60.0000  6.5025E-44
   65.0000  7.0677E-44
   70.0000  7.5636E-44
   75.0000  7.9834E-44
   80.0000  8.3255E-44
   85.0000  8.5887E-44
   90.0000  8.7743E-44
   95.0000  8.8852E-44
  100.0000  8.9253E-44
  105.0000  8.9004E-44
  110.0000  8.8159E-44
  115.0000  8.6801E-44
  120.0000  8.4973E-44
  125.0000  8.2756E-44
  130.0000  8.0208E-44
  135.0000  7.7382E-44
  140.0000  7.4362E-44
  145.0000  7.1176E-44
  150.0000  6.7892E-44
  155.0000  6.4540E-44
  160.0000  6.1174E-44
  165.0000  5.7835E-44
  170.0000  5.4538E-44
  175.0000  5.1311E-44
  180.0000  4.8194E-44
  185.0000  4.5202E-44
  190.0000  4.2348E-44
  195.0000  3.9647E-44
  200.0000  3.7112E-44
  205.0000  3.4770E-44
  210.0000  3.2623E-44
  215.0000  3.0670E-44
  220.0000  2.8938E-44
  225.0000  2.7442E-44
  230.0000  2.6182E-44
  235.0000  2.5170E-44
  240.0000  2.4436E-44
  245.0000  2.3979E-44
  250.0000  2.3841E-44
  255.0000  2.4021E-44
  260.0000  2.4547E-44
  265.0000  2.5448E-44
  270.0000  2.6750E-44
  275.0000  2.8495E-44
  280.0000  3.0684E-44
  285.0000  3.3344E-44
  290.0000  3.6530E-44
  295.0000  4.0228E-44
  300.0000  4.4467E-44
  305.0000  4.9260E-44
  310.0000  5.4580E-44
  315.0000  6.0398E-44
  320.0000  6.6687E-44
  325.0000  7.3350E-44
  330.0000  8.0291E-44
  335.0000  8.7383E-44
  340.0000  9.4462E-44
  345.0000  1.0132E-43
  350.0000  1.0772E-43
  355.0000  1.1344E-43
  360.0000  1.1827E-43
  365.0000  1.2214E-43
  370.0000  1.2499E-43
  375.0000  1.2684E-43
  380.0000  1.2771E-43
  385.0000  1.2768E-43
  390.0000  1.2681E-43
  395.0000  1.2520E-43
  400.0000  1.2293E-43
  405.0000  1.2009E-43
  410.0000  1.1679E-43
  415.0000  1.1312E-43
  420.0000  1.0916E-43
  425.0000  1.0502E-43
  430.0000  1.0075E-43
  435.0000  9.6457E-44
  440.0000  9.2204E-44
  445.0000  8.8048E-44
  450.0000  8.4072E-44
  455.0000  8.0318E-44
  460.0000  7.6841E-44
  465.0000  7.3711E-44
  470.0000  7.0968E-44
  475.0000  6.8668E-44
  480.0000  6.6853E-44
  485.0000  6.5593E-44
  490.0000  6.4900E-44
  495.0000  6.4859E-44
  500.0000  6.5496E-44
  505.0000  6.6867E-44
  510.0000  6.9001E-44
  515.0000  7.1965E-44
  520.0000  7.5775E-44
  525.0000  8.0471E-44
  530.0000  8.6053E-44
  535.0000  9.2537E-44
  540.0000  9.9892E-44
  545.0000  1.0809E-43
  550.0000  1.1704E-43
  555.0000  1.2663E-43
  560.0000  1.3670E-43
  565.0000  1.4712E-43
  570.0000  1.5751E-43
  575.0000  1.6748E-43
  580.0000  1.7704E-43
  585.0000  1.8549E-43
  590.0000  1.9269E-43
  595.0000  1.9823E-43
  600.0000  2.0211E-43
  605.0000  2.0447E-43
  610.0000  2.0516E-43
  615.0000  2.0433E-43
  620.0000  2.0225E-43
  625.0000  1.9893E-43
  630.0000  1.9449E-43
  635.0000  1.8909E-43
  640.0000  1.8300E-43
  645.0000  1.7635E-43
  650.0000  1.6914E-43
  655.0000  1.6152E-43
  660.0000  1.5377E-43
  665.0000  1.4587E-43
  670.0000  1.3784E-43
  675.0000  1.2987E-43
  680.0000  1.2202E-43
  685.0000  1.1433E-43
  690.0000  1.0685E-43
  695.0000  9.9629E-44
  700.0000  9.2675E-44
  705.0000  8.6040E-44
  710.0000  7.9723E-44
  715.0000  7.3738E-44
  720.0000  6.8100E-44
  725.0000  6.2808E-44
  730.0000  5.7849E-44
  735.0000  5.3236E-44
  740.0000  4.8942E-44
  745.0000  4.4980E-44
  750.0000  4.1323E-44
  755.0000  3.7970E-44
  760.0000  3.4881E-44
  765.0000  3.2083E-44
  770.0000  2.9534E-44
  775.0000  2.7207E-44
  780.0000  2.5115E-44
  785.0000  2.3231E-44
  790.0000  2.1541E-44
  795.0000  2.0003E-44
  800.0000  1.8632E-44
  805.0000  1.7371E-44
  810.0000  1.6249E-44
  815.0000  1.5196E-44
  820.0000  1.4241E-44
  825.0000  1.3340E-44
  830.0000  1.2498E-44
  835.0000  1.1708E-44
  840.0000  1.0962E-44
  845.0000  1.0255E-44
  850.0000  9.5875E-45
  855.0000  8.9530E-45
  860.0000  8.3504E-45
  865.0000  7.7811E-45
  870.0000  7.2395E-45
  875.0000  6.7269E-45
  880.0000  6.2434E-45
  885.0000  5.7849E-45
  890.0000  5.3541E-45
  895.0000  4.9482E-45
  900.0000  4.5673E-45
  905.0000  4.2085E-45
  910.0000  3.8746E-45
  915.0000  3.5615E-45
  920.0000  3.2706E-45
  925.0000  2.9991E-45
  930.0000  2.7484E-45
  935.0000  2.5157E-45
  940.0000  2.3009E-45
  945.0000  2.1029E-45
  950.0000  1.9200E-45
  955.0000  1.7524E-45
  960.0000  1.6000E-45
  965.0000  1.4601E-45
  970.0000  1.3326E-45
  975.0000  1.2170E-45
  980.0000  1.1121E-45
  985.0000  1.0175E-45
  990.0000  9.3215E-46
  995.0000  8.5555E-46
 1000.0000  7.8684E-46
 1005.0000  7.2533E-46
 1010.0000  6.7047E-46
 1015.0000  6.2144E-46
 1020.0000  5.7752E-46
 1025.0000  5.3804E-46
 1030.0000  5.0244E-46
 1035.0000  4.7002E-46
 1040.0000  4.4010E-46
 1045.0000  4.1254E-46
 1050.0000  3.8691E-46
 1055.0000  3.6294E-46
 1060.0000  3.4050E-46
 1065.0000  3.1958E-46
 1070.0000  2.9977E-46
 1075.0000  2.8121E-46
 1080.0000  2.6376E-46
 1085.0000  2.4741E-46
 1090.0000  2.3203E-46
 1095.0000  2.1777E-46
 1100.0000  2.0433E-46
 1105.0000  1.9186E-46
 1110.0000  1.8036E-46
 1115.0000  1.6970E-46
 1120.0000  1.5986E-46
 1125.0000  1.5086E-46
 1130.0000  1.4268E-46
 1135.0000  1.3509E-46
 1140.0000  1.2825E-46
 1145.0000  1.2203E-46
 1150.0000  1.1638E-46
 1155.0000  1.1127E-46
 1160.0000  1.0662E-46
 1165.0000  1.0240E-46
 1170.0000  9.8521E-47
 1175.0000  9.4961E-47
 1180.0000  9.1664E-47
 1185.0000  8.8588E-47
 1190.0000  8.5707E-47
 1195.0000  8.2978E-47
 1200.0000  8.0401E-47
 1205.0000  7.7936E-47
 1210.0000  7.5567E-47
 1215.0000  7.3281E-47
 1220.0000  7.1065E-47
 1225.0000  6.8890E-47
 1230.0000  6.6770E-47
 1235.0000  6.4692E-47
 1240.0000  6.2642E-47
 1245.0000  6.0634E-47
 1250.0000  5.8639E-47
 1255.0000  5.6672E-47
 1260.0000  5.4746E-47
 1265.0000  5.2821E-47
 1270.0000  5.0937E-47
 1275.0000  4.9080E-47
 1280.0000  4.7238E-47
 1285.0000  4.5437E-47
 1290.0000  4.3678E-47
 1295.0000  4.1932E-47
 1300.0000  4.0242E-47
 1305.0000  3.8580E-47
 1310.0000  3.6959E-47
 1315.0000  3.5380E-47
 1320.0000  3.3842E-47
 1325.0000  3.2346E-47
 1330.0000  3.0906E-47
 1335.0000  2.9506E-47
 1340.0000  2.8149E-47
 1345.0000  2.6847E-47
 1350.0000  2.5586E-47
 1355.0000  2.4381E-47
 1360.0000  2.3217E-47
 1365.0000  2.2109E-47
 1370.0000  2.1042E-47
 1375.0000  2.0031E-47
 1380.0000  1.9075E-47
 1385.0000  1.8161E-47
 1390.0000  1.7288E-47
 1395.0000  1.6471E-47
 1400.0000  1.5709E-47
 1405.0000  1.4989E-47
 1410.0000  1.4324E-47
 1415.0000  1.3699E-47
 1420.0000  1.3128E-47
 1425.0000  1.2609E-47
 1430.0000  1.2141E-47
 1435.0000  1.1725E-47
 1440.0000  1.1363E-47
 1445.0000  1.1056E-47
 1450.0000  1.0807E-47
 1455.0000  1.0615E-47
 1460.0000  1.0487E-47
 1465.0000  1.0421E-47
 1470.0000  1.0423E-47
 1475.0000  1.0495E-47
 1480.0000  1.0640E-47
 1485.0000  1.0863E-47
 1490.0000  1.1167E-47
 1495.0000  1.1557E-47
 1500.0000  1.2039E-47
              CO2-H2         5      1500    300    200 1.227E-43 5.000                            46
    5.0000  2.0807E-46
   10.0000  8.2410E-46
   15.0000  1.8258E-45
   20.0000  3.1764E-45
   25.0000  4.8291E-45
   30.0000  6.7311E-45
   35.0000  8.8187E-45
   40.0000  1.1034E-44
   45.0000  1.3313E-44
   50.0000  1.5598E-44
   55.0000  1.7829E-44
   60.0000  1.9976E-44
   65.0000  2.1984E-44
   70.0000  2.3827E-44
   75.0000  2.5489E-44
   80.0000  2.6930E-44
   85.0000  2.8163E-44
   90.0000  2.9174E-44
   95.0000  2.9950E-44
  100.0000  3.0518E-44
  105.0000  3.0864E-44
  110.0000  3.1016E-44
  115.0000  3.0989E-44
  120.0000  3.0781E-44
  125.0000  3.0435E-44
  130.0000  2.9936E-44
  135.0000  2.9326E-44
  140.0000  2.8606E-44
  145.0000  2.7789E-44
  150.0000  2.6916E-44
  155.0000  2.5988E-44
  160.0000  2.5018E-44
  165.0000  2.4007E-44
  170.0000  2.2996E-44
  175.0000  2.1970E-44
  180.0000  2.0959E-44
  185.0000  1.9962E-44
  190.0000  1.8992E-44
  195.0000  1.8064E-44
  200.0000  1.7164E-44
  205.0000  1.6319E-44
  210.0000  1.5515E-44
  215.0000  1.4795E-44
  220.0000  1.4116E-44
  225.0000  1.3524E-44
  230.0000  1.3004E-44
  235.0000  1.2563E-44
  240.0000  1.2208E-44
  245.0000  1.1944E-44
  250.0000  1.1775E-44
  255.0000  1.1704E-44
  260.0000  1.1739E-44
  265.0000  1.1880E-44
  270.0000  1.2135E-44
  275.0000  1.2505E-44
  280.0000  1.2994E-44
  285.0000  1.3605E-44
  290.0000  1.4338E-44
  295.0000  1.5196E-44
  300.0000  1.6166E-44
  305.0000  1.7247E-44
  310.0000  1.8438E-44
  315.0000  1.9726E-44
  320.0000  2.1084E-44
  325.0000  2.2497E-44
  330.0000  2.3938E-44
  335.0000  2.5378E-44
  340.0000  2.6791E-44
  345.0000  2.8107E-44
  350.0000  2.9312E-44
  355.0000  3.0338E-44
  360.0000  3.1169E-44
  365.0000  3.1778E-44
  370.0000  3.2180E-44
  375.0000  3.2374E-44
  380.0000  3.2402E-44
  385.0000  3.2263E-44
  390.0000  3.2000E-44
  395.0000  3.1612E-44
  400.0000  3.1127E-44
  405.0000  3.0587E-44
  410.0000  3.0005E-44
  415.0000  2.9409E-44
  420.0000  2.8828E-44
  425.0000  2.8274E-44
  430.0000  2.7775E-44
  435.0000  2.7345E-44
  440.0000  2.7013E-44
  445.0000  2.6791E-44
  450.0000  2.6722E-44
  455.0000  2.6805E-44
  460.0000  2.7068E-44
  465.0000  2.7525E-44
  470.0000  2.8204E-44
  475.0000  2.9119E-44
  480.0000  3.0296E-44
  485.0000  3.1751E-44
  490.0000  3.3510E-44
  495.0000  3.5574E-44
  500.0000  3.7970E-44
  505.0000  4.0727E-44
  510.0000  4.3830E-44
  515.0000  4.7307E-44
  520.0000  5.1144E-44
  525.0000  5.5356E-44
  530.0000  5.9927E-44
  535.0000  6.4817E-44
  540.0000  7.0012E-44
  545.0000  7.5456E-44
  550.0000  8.1094E-44
  555.0000  8.6857E-44
  560.0000  9.2620E-44
  565.0000  9.8299E-44
  570.0000  1.0373E-43
  575.0000  1.0877E-43
  580.0000  1.1325E-43
  585.0000  1.1699E-43
  590.0000  1.1984E-43
  595.0000  1.2174E-43
  600.0000  1.2268E-43
  605.0000  1.2274E-43
  610.0000  1.2196E-43
  615.0000  1.2045E-43
  620.0000  1.1827E-43
  625.0000  1.1555E-43
  630.0000  1.1233E-43
  635.0000  1.0873E-43
  640.0000  1.0481E-43
  645.0000  1.0067E-43
  650.0000  9.6346E-44
  655.0000  9.1913E-44
  660.0000  8.7439E-44
  665.0000  8.2964E-44
  670.0000  7.8531E-44
  675.0000  7.4182E-44
  680.0000  6.9943E-44
  685.0000  6.5828E-44
  690.0000  6.1880E-44
  695.0000  5.8099E-44
  700.0000  5.4511E-44
  705.0000  5.1103E-44
  710.0000  4.7917E-44
  715.0000  4.4925E-44
  720.0000  4.2154E-44
  725.0000  3.9591E-44
  730.0000  3.7236E-44
  735.0000  3.5103E-44
  740.0000  3.3164E-44
  745.0000  3.1418E-44
  750.0000  2.9867E-44
  755.0000  2.8509E-44
  760.0000  2.7318E-44
  765.0000  2.6293E-44
  770.0000  2.5420E-44
  775.0000  2.4699E-44
  780.0000  2.4090E-44
  785.0000  2.3591E-44
  790.0000  2.3162E-44
  795.0000  2.2816E-44
  800.0000  2.2497E-44
  805.0000  2.2206E-44
  810.0000  2.1887E-44
  815.0000  2.1541E-44
  820.0000  2.1139E-44
  825.0000  2.0668E-44
  830.0000  2.0142E-44
  835.0000  1.9574E-44
  840.0000  1.8951E-44
  845.0000  1.8286E-44
  850.0000  1.7593E-44
  855.0000  1.6873E-44
  860.0000  1.6138E-44
  865.0000  1.5390E-44
  870.0000  1.4656E-44
  875.0000  1.3922E-44
  880.0000  1.3195E-44
  885.0000  1.2490E-44
  890.0000  1.1807E-44
  895.0000  1.1150E-44
  900.0000  1.0524E-44
  905.0000  9.9297E-45
  910.0000  9.3714E-45
  915.0000  8.8505E-45
  920.0000  8.3685E-45
  925.0000  7.9266E-45
  930.0000  7.5248E-45
  935.0000  7.1647E-45
  940.0000  6.8460E-45
  945.0000  6.5690E-45
  950.0000  6.3349E-45
  955.0000  6.1409E-45
  960.0000  5.9872E-45
  965.0000  5.8722E-45
  970.0000  5.7974E-45
  975.0000  5.7572E-45
  980.0000  5.7517E-45
  985.0000  5.7780E-45
  990.0000  5.8320E-45
  995.0000  5.9096E-45
 1000.0000  6.0079E-45
 1005.0000  6.1188E-45
 1010.0000  6.2365E-45
 1015.0000  6.3557E-45
 1020.0000  6.4665E-45
 1025.0000  6.5593E-45
 1030.0000  6.6286E-45
 1035.0000  6.6632E-45
 1040.0000  6.6590E-45
 1045.0000  6.6161E-45
 1050.0000  6.5357E-45
 1055.0000  6.4235E-45
 1060.0000  6.2795E-45
 1065.0000  6.1105E-45
 1070.0000  5.9193E-45
 1075.0000  5.7087E-45
 1080.0000  5.4857E-45
 1085.0000  5.2516E-45
 1090.0000  5.0105E-45
 1095.0000  4.7640E-45
 1100.0000  4.5174E-45
 1105.0000  4.2722E-45
 1110.0000  4.0284E-45
 1115.0000  3.7901E-45
 1120.0000  3.5588E-45
 1125.0000  3.3330E-45
 1130.0000  3.1169E-45
 1135.0000  2.9091E-45
 1140.0000  2.7096E-45
 1145.0000  2.5212E-45
 1150.0000  2.3425E-45
 1155.0000  2.1735E-45
 1160.0000  2.0142E-45
 1165.0000  1.8660E-45
 1170.0000  1.7261E-45
 1175.0000  1.5972E-45
 1180.0000  1.4753E-45
 1185.0000  1.3637E-45
 1190.0000  1.2599E-45
 1195.0000  1.1640E-45
 1200.0000  1.0757E-45
 1205.0000  9.9449E-46
 1210.0000  9.1982E-46
 1215.0000  8.5125E-46
 1220.0000  7.8836E-46
 1225.0000  7.3073E-46
 1230.0000  6.7768E-46
 1235.0000  6.2878E-46
 1240.0000  5.8362E-46
 1245.0000  5.4178E-46
 1250.0000  5.0286E-46
 1255.0000  4.6656E-46
 1260.0000  4.3276E-46
 1265.0000  4.0118E-46
 1270.0000  3.7167E-46
 1275.0000  3.4424E-46
 1280.0000  3.1848E-46
 1285.0000  2.9451E-46
 1290.0000  2.7221E-46
 1295.0000  2.5143E-46
 1300.0000  2.3203E-46
 1305.0000  2.1403E-46
 1310.0000  1.9726E-46
 1315.0000  1.8175E-46
 1320.0000  1.6734E-46
 1325.0000  1.5404E-46
 1330.0000  1.4171E-46
 1335.0000  1.3033E-46
 1340.0000  1.1987E-46
 1345.0000  1.1024E-46
 1350.0000  1.0140E-46
 1355.0000  9.3298E-47
 1360.0000  8.5887E-47
 1365.0000  7.9113E-47
 1370.0000  7.2935E-47
 1375.0000  6.7324E-47
 1380.0000  6.2227E-47
 1385.0000  5.7614E-47
 1390.0000  5.3458E-47
 1395.0000  4.9718E-47
 1400.0000  4.6351E-47
 1405.0000  4.3331E-47
 1410.0000  4.0644E-47
 1415.0000  3.8247E-47
 1420.0000  3.6114E-47
 1425.0000  3.4216E-47
 1430.0000  3.2526E-47
 1435.0000  3.1016E-47
 1440.0000  2.9659E-47
 1445.0000  2.8440E-47
 1450.0000  2.7345E-47
 1455.0000  2.6376E-47
 1460.0000  2.5503E-47
 1465.0000  2.4741E-47
 1470.0000  2.4076E-47
 1475.0000  2.3508E-47
 1480.0000  2.3037E-47
 1485.0000  2.2663E-47
 1490.0000  2.2386E-47
 1495.0000  2.2206E-47
 1500.0000  2.2123E-47
              CO2-H2         5      1500    300    300 9.748E-44 5.000                            46
    5.0000  1.2538E-46
   10.0000  4.9731E-46
   15.0000  1.1038E-45
   20.0000  1.9255E-45
   25.0000  2.9382E-45
   30.0000  4.1115E-45
   35.0000  5.4137E-45
   40.0000  6.8086E-45
   45.0000  8.2618E-45
   50.0000  9.7385E-45
   55.0000  1.1207E-44
   60.0000  1.2635E-44
   65.0000  1.3991E-44
   70.0000  1.5280E-44
   75.0000  1.6443E-44
   80.0000  1.7496E-44
   85.0000  1.8410E-44
   90.0000  1.9200E-44
   95.0000  1.9851E-44
  100.0000  2.0350E-44
  105.0000  2.0724E-44
  110.0000  2.0973E-44
  115.0000  2.1084E-44
  120.0000  2.1084E-44
  125.0000  2.0987E-44
  130.0000  2.0779E-44
  135.0000  2.0488E-44
  140.0000  2.0114E-44
  145.0000  1.9685E-44
  150.0000  1.9186E-44
  155.0000  1.8646E-44
  160.0000  1.8064E-44
  165.0000  1.7454E-44
  170.0000  1.6831E-44
  175.0000  1.6194E-44
  180.0000  1.5543E-44
  185.0000  1.4892E-44
  190.0000  1.4268E-44
  195.0000  1.3639E-44
  200.0000  1.3037E-44
  205.0000  1.2458E-44
  210.0000  1.1909E-44
  215.0000  1.1393E-44
  220.0000  1.0915E-44
  225.0000  1.0477E-44
  230.0000  1.0083E-44
  235.0000  9.7385E-45
  240.0000  9.4448E-45
  245.0000  9.2038E-45
  250.0000  9.0209E-45
  255.0000  8.8962E-45
  260.0000  8.8339E-45
  265.0000  8.8353E-45
  270.0000  8.9018E-45
  275.0000  9.0362E-45
  280.0000  9.2398E-45
  285.0000  9.5127E-45
  290.0000  9.8535E-45
  295.0000  1.0262E-44
  300.0000  1.0737E-44
  305.0000  1.1273E-44
  310.0000  1.1866E-44
  315.0000  1.2510E-44
  320.0000  1.3195E-44
  325.0000  1.3908E-44
  330.0000  1.4642E-44
  335.0000  1.5377E-44
  340.0000  1.6083E-44
  345.0000  1.6762E-44
  350.0000  1.7371E-44
  355.0000  1.7898E-44
  360.0000  1.8327E-44
  365.0000  1.8646E-44
  370.0000  1.8867E-44
  375.0000  1.9006E-44
  380.0000  1.9061E-44
  385.0000  1.9048E-44
  390.0000  1.8978E-44
  395.0000  1.8867E-44
  400.0000  1.8729E-44
  405.0000  1.8577E-44
  410.0000  1.8424E-44
  415.0000  1.8300E-44
  420.0000  1.8203E-44
  425.0000  1.8147E-44
  430.0000  1.8147E-44
  435.0000  1.8230E-44
  440.0000  1.8396E-44
  445.0000  1.8660E-44
  450.0000  1.9034E-44
  455.0000  1.9546E-44
  460.0000  2.0197E-44
  465.0000  2.1015E-44
  470.0000  2.1984E-44
  475.0000  2.3148E-44
  480.0000  2.4506E-44
  485.0000  2.6085E-44
  490.0000  2.7872E-44
  495.0000  2.9894E-44
  500.0000  3.2166E-44
  505.0000  3.4673E-44
  510.0000  3.7444E-44
  515.0000  4.0464E-44
  520.0000  4.3733E-44
  525.0000  4.7238E-44
  530.0000  5.0978E-44
  535.0000  5.4940E-44
  540.0000  5.9068E-44
  545.0000  6.3321E-44
  550.0000  6.7685E-44
  555.0000  7.2062E-44
  560.0000  7.6412E-44
  565.0000  8.0623E-44
  570.0000  8.4599E-44
  575.0000  8.8228E-44
  580.0000  9.1401E-44
  585.0000  9.3991E-44
  590.0000  9.5875E-44
  595.0000  9.7039E-44
  600.0000  9.7482E-44
  605.0000  9.7260E-44
  610.0000  9.6443E-44
  615.0000  9.5085E-44
  620.0000  9.3257E-44
  625.0000  9.1027E-44
  630.0000  8.8464E-44
  635.0000  8.5624E-44
  640.0000  8.2576E-44
  645.0000  7.9376E-44
  650.0000  7.6079E-44
  655.0000  7.2699E-44
  660.0000  6.9319E-44
  665.0000  6.5953E-44
  670.0000  6.2628E-44
  675.0000  5.9387E-44
  680.0000  5.6242E-44
  685.0000  5.3222E-44
  690.0000  5.0341E-44
  695.0000  4.7598E-44
  700.0000  4.5035E-44
  705.0000  4.2625E-44
  710.0000  4.0395E-44
  715.0000  3.8344E-44
  720.0000  3.6474E-44
  725.0000  3.4784E-44
  730.0000  3.3274E-44
  735.0000  3.1944E-44
  740.0000  3.0795E-44
  745.0000  2.9811E-44
  750.0000  2.8994E-44
  755.0000  2.8343E-44
  760.0000  2.7830E-44
  765.0000  2.7442E-44
  770.0000  2.7193E-44
  775.0000  2.7041E-44
  780.0000  2.6985E-44
  785.0000  2.6999E-44
  790.0000  2.7054E-44
  795.0000  2.7138E-44
  800.0000  2.7207E-44
  805.0000  2.7248E-44
  810.0000  2.7221E-44
  815.0000  2.7096E-44
  820.0000  2.6861E-44
  825.0000  2.6514E-44
  830.0000  2.6071E-44
  835.0000  2.5517E-44
  840.0000  2.4893E-44
  845.0000  2.4201E-44
  850.0000  2.3453E-44
  855.0000  2.2663E-44
  860.0000  2.1860E-44
  865.0000  2.1029E-44
  870.0000  2.0211E-44
  875.0000  1.9394E-44
  880.0000  1.8590E-44
  885.0000  1.7815E-44
  890.0000  1.7080E-44
  895.0000  1.6402E-44
  900.0000  1.5751E-44
  905.0000  1.5169E-44
  910.0000  1.4642E-44
  915.0000  1.4185E-44
  920.0000  1.3799E-44
  925.0000  1.3480E-44
  930.0000  1.3236E-44
  935.0000  1.3069E-44
  940.0000  1.2979E-44
  945.0000  1.2966E-44
  950.0000  1.3033E-44
  955.0000  1.3178E-44
  960.0000  1.3400E-44
  965.0000  1.3698E-44
  970.0000  1.4061E-44
  975.0000  1.4504E-44
  980.0000  1.4989E-44
  985.0000  1.5543E-44
  990.0000  1.6138E-44
  995.0000  1.6762E-44
 1000.0000  1.7399E-44
 1005.0000  1.8050E-44
 1010.0000  1.8674E-44
 1015.0000  1.9269E-44
 1020.0000  1.9809E-44
 1025.0000  2.0267E-44
 1030.0000  2.0599E-44
 1035.0000  2.0821E-44
 1040.0000  2.0890E-44
 1045.0000  2.0821E-44
 1050.0000  2.0627E-44
 1055.0000  2.0308E-44
 1060.0000  1.9893E-44
 1065.0000  1.9394E-44
 1070.0000  1.8812E-44
 1075.0000  1.8175E-44
 1080.0000  1.7482E-44
 1085.0000  1.6762E-44
 1090.0000  1.6028E-44
 1095.0000  1.5266E-44
 1100.0000  1.4504E-44
 1105.0000  1.3741E-44
 1110.0000  1.2988E-44
 1115.0000  1.2249E-44
 1120.0000  1.1530E-44
 1125.0000  1.0833E-44
 1130.0000  1.0162E-44
 1135.0000  9.5210E-45
 1140.0000  8.9101E-45
 1145.0000  8.3297E-45
 1150.0000  7.7825E-45
 1155.0000  7.2685E-45
 1160.0000  6.7865E-45
 1165.0000  6.3363E-45
 1170.0000  5.9179E-45
 1175.0000  5.5314E-45
 1180.0000  5.1740E-45
 1185.0000  4.8457E-45
 1190.0000  4.5437E-45
 1195.0000  4.2680E-45
 1200.0000  4.0159E-45
 1205.0000  3.7873E-45
 1210.0000  3.5782E-45
 1215.0000  3.3870E-45
 1220.0000  3.2138E-45
 1225.0000  3.0532E-45
 1230.0000  2.9049E-45
 1235.0000  2.7664E-45
 1240.0000  2.6348E-45
 1245.0000  2.5087E-45
 1250.0000  2.3868E-45
 1255.0000  2.2677E-45
 1260.0000  2.1527E-45
 1265.0000  2.0391E-45
 1270.0000  1.9297E-45
 1275.0000  1.8230E-45
 1280.0000  1.7205E-45
 1285.0000  1.6208E-45
 1290.0000  1.5252E-45
 1295.0000  1.4338E-45
 1300.0000  1.3458E-45
 1305.0000  1.2624E-45
 1310.0000  1.1834E-45
 1315.0000  1.1089E-45
 1320.0000  1.0387E-45
 1325.0000  9.7302E-46
 1330.0000  9.1165E-46
 1335.0000  8.5472E-46
 1340.0000  8.0208E-46
 1345.0000  7.5359E-46
 1350.0000  7.0940E-46
 1355.0000  6.6923E-46
 1360.0000  6.3293E-46
 1365.0000  6.0024E-46
 1370.0000  5.7129E-46
 1375.0000  5.4580E-46
 1380.0000  5.2336E-46
 1385.0000  5.0410E-46
 1390.0000  4.8748E-46
 1395.0000  4.7349E-46
 1400.0000  4.6171E-46
 1405.0000  4.5188E-46
 1410.0000  4.4370E-46
 1415.0000  4.3678E-46
 1420.0000  4.3082E-46
 1425.0000  4.2514E-46
 1430.0000  4.1974E-46
 1435.0000  4.1378E-46
 1440.0000  4.0699E-46
 1445.0000  3.9924E-46
 1450.0000  3.9023E-46
 1455.0000  3.8012E-46
 1460.0000  3.6890E-46
 1465.0000  3.5699E-46
 1470.0000  3.4424E-46
 1475.0000  3.3108E-46
 1480.0000  3.1764E-46
 1485.0000  3.0379E-46
 1490.0000  2.8994E-46
 1495.0000  2.7609E-46
 1500.0000  2.6251E-46
              CO2-H2         5      1500    300    400 7.918E-44 5.000                            46
    5.0000  9.1068E-47
   10.0000  3.6156E-46
   15.0000  8.0346E-46
   20.0000  1.4047E-45
   25.0000  2.1472E-45
   30.0000  3.0144E-45
   35.0000  3.9813E-45
   40.0000  5.0258E-45
   45.0000  6.1229E-45
   50.0000  7.2492E-45
   55.0000  8.3809E-45
   60.0000  9.4947E-45
   65.0000  1.0572E-44
   70.0000  1.1593E-44
   75.0000  1.2546E-44
   80.0000  1.3416E-44
   85.0000  1.4199E-44
   90.0000  1.4878E-44
   95.0000  1.5460E-44
  100.0000  1.5931E-44
  105.0000  1.6305E-44
  110.0000  1.6568E-44
  115.0000  1.6748E-44
  120.0000  1.6817E-44
  125.0000  1.6817E-44
  130.0000  1.6734E-44
  135.0000  1.6568E-44
  140.0000  1.6346E-44
  145.0000  1.6069E-44
  150.0000  1.5737E-44
  155.0000  1.5349E-44
  160.0000  1.4947E-44
  165.0000  1.4504E-44
  170.0000  1.4033E-44
  175.0000  1.3556E-44
  180.0000  1.3066E-44
  185.0000  1.2571E-44
  190.0000  1.2078E-44
  195.0000  1.1589E-44
  200.0000  1.1111E-44
  205.0000  1.0647E-44
  210.0000  1.0203E-44
  215.0000  9.7773E-45
  220.0000  9.3783E-45
  225.0000  9.0071E-45
  230.0000  8.6663E-45
  235.0000  8.3574E-45
  240.0000  8.0859E-45
  245.0000  7.8504E-45
  250.0000  7.6564E-45
  255.0000  7.5027E-45
  260.0000  7.3932E-45
  265.0000  7.3281E-45
  270.0000  7.3101E-45
  275.0000  7.3378E-45
  280.0000  7.4140E-45
  285.0000  7.5373E-45
  290.0000  7.7091E-45
  295.0000  7.9266E-45
  300.0000  8.1898E-45
  305.0000  8.4945E-45
  310.0000  8.8395E-45
  315.0000  9.2190E-45
  320.0000  9.6291E-45
  325.0000  1.0060E-44
  330.0000  1.0506E-44
  335.0000  1.0955E-44
  340.0000  1.1395E-44
  345.0000  1.1815E-44
  350.0000  1.2200E-44
  355.0000  1.2535E-44
  360.0000  1.2812E-44
  365.0000  1.3031E-44
  370.0000  1.3193E-44
  375.0000  1.3306E-44
  380.0000  1.3375E-44
  385.0000  1.3411E-44
  390.0000  1.3421E-44
  395.0000  1.3415E-44
  400.0000  1.3404E-44
  405.0000  1.3396E-44
  410.0000  1.3401E-44
  415.0000  1.3429E-44
  420.0000  1.3491E-44
  425.0000  1.3596E-44
  430.0000  1.3754E-44
  435.0000  1.3977E-44
  440.0000  1.4268E-44
  445.0000  1.4656E-44
  450.0000  1.5127E-44
  455.0000  1.5709E-44
  460.0000  1.6402E-44
  465.0000  1.7233E-44
  470.0000  1.8189E-44
  475.0000  1.9283E-44
  480.0000  2.0544E-44
  485.0000  2.1957E-44
  490.0000  2.3550E-44
  495.0000  2.5323E-44
  500.0000  2.7276E-44
  505.0000  2.9423E-44
  510.0000  3.1751E-44
  515.0000  3.4272E-44
  520.0000  3.6973E-44
  525.0000  3.9854E-44
  530.0000  4.2902E-44
  535.0000  4.6088E-44
  540.0000  4.9399E-44
  545.0000  5.2793E-44
  550.0000  5.6242E-44
  555.0000  5.9692E-44
  560.0000  6.3086E-44
  565.0000  6.6369E-44
  570.0000  6.9444E-44
  575.0000  7.2256E-44
  580.0000  7.4680E-44
  585.0000  7.6634E-44
  590.0000  7.8060E-44
  595.0000  7.8892E-44
  600.0000  7.9182E-44
  605.0000  7.8961E-44
  610.0000  7.8282E-44
  615.0000  7.7188E-44
  620.0000  7.5733E-44
  625.0000  7.3988E-44
  630.0000  7.1979E-44
  635.0000  6.9776E-44
  640.0000  6.7408E-44
  645.0000  6.4928E-44
  650.0000  6.2365E-44
  655.0000  5.9761E-44
  660.0000  5.7157E-44
  665.0000  5.4566E-44
  670.0000  5.2017E-44
  675.0000  4.9538E-44
  680.0000  4.7141E-44
  685.0000  4.4841E-44
  690.0000  4.2653E-44
  695.0000  4.0602E-44
  700.0000  3.8677E-44
  705.0000  3.6904E-44
  710.0000  3.5269E-44
  715.0000  3.3801E-44
  720.0000  3.2485E-44
  725.0000  3.1307E-44
  730.0000  3.0296E-44
  735.0000  2.9451E-44
  740.0000  2.8744E-44
  745.0000  2.8177E-44
  750.0000  2.7761E-44
  755.0000  2.7470E-44
  760.0000  2.7318E-44
  765.0000  2.7262E-44
  770.0000  2.7318E-44
  775.0000  2.7456E-44
  780.0000  2.7650E-44
  785.0000  2.7913E-44
  790.0000  2.8190E-44
  795.0000  2.8467E-44
  800.0000  2.8731E-44
  805.0000  2.8925E-44
  810.0000  2.9035E-44
  815.0000  2.9049E-44
  820.0000  2.8925E-44
  825.0000  2.8675E-44
  830.0000  2.8301E-44
  835.0000  2.7830E-44
  840.0000  2.7276E-44
  845.0000  2.6653E-44
  850.0000  2.5974E-44
  855.0000  2.5254E-44
  860.0000  2.4519E-44
  865.0000  2.3771E-44
  870.0000  2.3037E-44
  875.0000  2.2303E-44
  880.0000  2.1610E-44
  885.0000  2.0959E-44
  890.0000  2.0364E-44
  895.0000  1.9823E-44
  900.0000  1.9338E-44
  905.0000  1.8951E-44
  910.0000  1.8632E-44
  915.0000  1.8396E-44
  920.0000  1.8258E-44
  925.0000  1.8216E-44
  930.0000  1.8272E-44
  935.0000  1.8438E-44
  940.0000  1.8701E-44
  945.0000  1.9075E-44
  950.0000  1.9560E-44
  955.0000  2.0142E-44
  960.0000  2.0835E-44
  965.0000  2.1624E-44
  970.0000  2.2511E-44
  975.0000  2.3480E-44
  980.0000  2.4519E-44
  985.0000  2.5628E-44
  990.0000  2.6777E-44
  995.0000  2.7969E-44
 1000.0000  2.9160E-44
 1005.0000  3.0338E-44
 1010.0000  3.1473E-44
 1015.0000  3.2526E-44
 1020.0000  3.3468E-44
 1025.0000  3.4244E-44
 1030.0000  3.4840E-44
 1035.0000  3.5214E-44
 1040.0000  3.5338E-44
 1045.0000  3.5228E-44
 1050.0000  3.4895E-44
 1055.0000  3.4383E-44
 1060.0000  3.3690E-44
 1065.0000  3.2859E-44
 1070.0000  3.1903E-44
 1075.0000  3.0850E-44
 1080.0000  2.9728E-44
 1085.0000  2.8537E-44
 1090.0000  2.7318E-44
 1095.0000  2.6071E-44
 1100.0000  2.4824E-44
 1105.0000  2.3577E-44
 1110.0000  2.2331E-44
 1115.0000  2.1125E-44
 1120.0000  1.9948E-44
 1125.0000  1.8812E-44
 1130.0000  1.7718E-44
 1135.0000  1.6679E-44
 1140.0000  1.5681E-44
 1145.0000  1.4753E-44
 1150.0000  1.3867E-44
 1155.0000  1.3042E-44
 1160.0000  1.2274E-44
 1165.0000  1.1562E-44
 1170.0000  1.0904E-44
 1175.0000  1.0300E-44
 1180.0000  9.7468E-45
 1185.0000  9.2440E-45
 1190.0000  8.7882E-45
 1195.0000  8.3768E-45
 1200.0000  8.0055E-45
 1205.0000  7.6703E-45
 1210.0000  7.3697E-45
 1215.0000  7.0982E-45
 1220.0000  6.8502E-45
 1225.0000  6.6230E-45
 1230.0000  6.4097E-45
 1235.0000  6.2047E-45
 1240.0000  6.0052E-45
 1245.0000  5.8043E-45
 1250.0000  5.6007E-45
 1255.0000  5.3943E-45
 1260.0000  5.1851E-45
 1265.0000  4.9731E-45
 1270.0000  4.7626E-45
 1275.0000  4.5520E-45
 1280.0000  4.3442E-45
 1285.0000  4.1406E-45
 1290.0000  3.9411E-45
 1295.0000  3.7486E-45
 1300.0000  3.5629E-45
 1305.0000  3.3856E-45
 1310.0000  3.2166E-45
 1315.0000  3.0573E-45
 1320.0000  2.9077E-45
 1325.0000  2.7678E-45
 1330.0000  2.6403E-45
 1335.0000  2.5226E-45
 1340.0000  2.4173E-45
 1345.0000  2.3231E-45
 1350.0000  2.2400E-45
 1355.0000  2.1680E-45
 1360.0000  2.1070E-45
 1365.0000  2.0571E-45
 1370.0000  2.0170E-45
 1375.0000  1.9865E-45
 1380.0000  1.9657E-45
 1385.0000  1.9532E-45
 1390.0000  1.9491E-45
 1395.0000  1.9519E-45
 1400.0000  1.9588E-45
 1405.0000  1.9712E-45
 1410.0000  1.9865E-45
 1415.0000  2.0031E-45
 1420.0000  2.0183E-45
 1425.0000  2.0322E-45
 1430.0000  2.0405E-45
 1435.0000  2.0433E-45
 1440.0000  2.0364E-45
 1445.0000  2.0197E-45
 1450.0000  1.9934E-45
 1455.0000  1.9588E-45
 1460.0000  1.9145E-45
 1465.0000  1.8632E-45
 1470.0000  1.8064E-45
 1475.0000  1.7454E-45
 1480.0000  1.6790E-45
 1485.0000  1.6111E-45
 1490.0000  1.5404E-45
 1495.0000  1.4698E-45
 1500.0000  1.3977E-45
              CO2-H2         5      1500    300    500 6.424E-44 5.000                            46
    5.0000  7.0926E-47
   10.0000  2.8177E-46
   15.0000  6.2670E-46
   20.0000  1.0967E-45
   25.0000  1.6803E-45
   30.0000  2.3633E-45
   35.0000  3.1293E-45
   40.0000  3.9605E-45
   45.0000  4.8415E-45
   50.0000  5.7517E-45
   55.0000  6.6729E-45
   60.0000  7.5885E-45
   65.0000  8.4834E-45
   70.0000  9.3423E-45
   75.0000  1.0151E-44
   80.0000  1.0902E-44
   85.0000  1.1584E-44
   90.0000  1.2190E-44
   95.0000  1.2718E-44
  100.0000  1.3164E-44
  105.0000  1.3527E-44
  110.0000  1.3808E-44
  115.0000  1.4005E-44
  120.0000  1.4130E-44
  125.0000  1.4185E-44
  130.0000  1.4158E-44
  135.0000  1.4074E-44
  140.0000  1.3936E-44
  145.0000  1.3747E-44
  150.0000  1.3509E-44
  155.0000  1.3231E-44
  160.0000  1.2918E-44
  165.0000  1.2577E-44
  170.0000  1.2214E-44
  175.0000  1.1832E-44
  180.0000  1.1438E-44
  185.0000  1.1035E-44
  190.0000  1.0631E-44
  195.0000  1.0226E-44
  200.0000  9.8258E-45
  205.0000  9.4337E-45
  210.0000  9.0528E-45
  215.0000  8.6857E-45
  220.0000  8.3380E-45
  225.0000  8.0083E-45
  230.0000  7.7008E-45
  235.0000  7.4182E-45
  240.0000  7.1619E-45
  245.0000  6.9333E-45
  250.0000  6.7352E-45
  255.0000  6.5676E-45
  260.0000  6.4332E-45
  265.0000  6.3321E-45
  270.0000  6.2656E-45
  275.0000  6.2351E-45
  280.0000  6.2393E-45
  285.0000  6.2795E-45
  290.0000  6.3557E-45
  295.0000  6.4665E-45
  300.0000  6.6105E-45
  305.0000  6.7865E-45
  310.0000  6.9929E-45
  315.0000  7.2270E-45
  320.0000  7.4833E-45
  325.0000  7.7576E-45
  330.0000  8.0443E-45
  335.0000  8.3366E-45
  340.0000  8.6275E-45
  345.0000  8.9059E-45
  350.0000  9.1650E-45
  355.0000  9.3936E-45
  360.0000  9.5861E-45
  365.0000  9.7427E-45
  370.0000  9.8646E-45
  375.0000  9.9574E-45
  380.0000  1.0027E-44
  385.0000  1.0078E-44
  390.0000  1.0118E-44
  395.0000  1.0154E-44
  400.0000  1.0191E-44
  405.0000  1.0237E-44
  410.0000  1.0301E-44
  415.0000  1.0388E-44
  420.0000  1.0506E-44
  425.0000  1.0664E-44
  430.0000  1.0866E-44
  435.0000  1.1122E-44
  440.0000  1.1441E-44
  445.0000  1.1829E-44
  450.0000  1.2293E-44
  455.0000  1.2843E-44
  460.0000  1.3484E-44
  465.0000  1.4227E-44
  470.0000  1.5072E-44
  475.0000  1.6042E-44
  480.0000  1.7122E-44
  485.0000  1.8341E-44
  490.0000  1.9685E-44
  495.0000  2.1181E-44
  500.0000  2.2802E-44
  505.0000  2.4575E-44
  510.0000  2.6486E-44
  515.0000  2.8551E-44
  520.0000  3.0753E-44
  525.0000  3.3080E-44
  530.0000  3.5532E-44
  535.0000  3.8095E-44
  540.0000  4.0741E-44
  545.0000  4.3442E-44
  550.0000  4.6185E-44
  555.0000  4.8914E-44
  560.0000  5.1602E-44
  565.0000  5.4192E-44
  570.0000  5.6616E-44
  575.0000  5.8805E-44
  580.0000  6.0717E-44
  585.0000  6.2240E-44
  590.0000  6.3349E-44
  595.0000  6.4000E-44
  600.0000  6.4235E-44
  605.0000  6.4055E-44
  610.0000  6.3529E-44
  615.0000  6.2670E-44
  620.0000  6.1548E-44
  625.0000  6.0190E-44
  630.0000  5.8639E-44
  635.0000  5.6935E-44
  640.0000  5.5106E-44
  645.0000  5.3195E-44
  650.0000  5.1214E-44
  655.0000  4.9205E-44
  660.0000  4.7196E-44
  665.0000  4.5202E-44
  670.0000  4.3248E-44
  675.0000  4.1337E-44
  680.0000  3.9508E-44
  685.0000  3.7749E-44
  690.0000  3.6100E-44
  695.0000  3.4535E-44
  700.0000  3.3094E-44
  705.0000  3.1778E-44
  710.0000  3.0573E-44
  715.0000  2.9493E-44
  720.0000  2.8551E-44
  725.0000  2.7733E-44
  730.0000  2.7041E-44
  735.0000  2.6486E-44
  740.0000  2.6057E-44
  745.0000  2.5752E-44
  750.0000  2.5558E-44
  755.0000  2.5489E-44
  760.0000  2.5517E-44
  765.0000  2.5628E-44
  770.0000  2.5835E-44
  775.0000  2.6099E-44
  780.0000  2.6431E-44
  785.0000  2.6791E-44
  790.0000  2.7165E-44
  795.0000  2.7525E-44
  800.0000  2.7872E-44
  805.0000  2.8149E-44
  810.0000  2.8329E-44
  815.0000  2.8412E-44
  820.0000  2.8370E-44
  825.0000  2.8218E-44
  830.0000  2.7941E-44
  835.0000  2.7567E-44
  840.0000  2.7124E-44
  845.0000  2.6611E-44
  850.0000  2.6057E-44
  855.0000  2.5475E-44
  860.0000  2.4880E-44
  865.0000  2.4284E-44
  870.0000  2.3688E-44
  875.0000  2.3134E-44
  880.0000  2.2622E-44
  885.0000  2.2151E-44
  890.0000  2.1735E-44
  895.0000  2.1389E-44
  900.0000  2.1125E-44
  905.0000  2.0945E-44
  910.0000  2.0862E-44
  915.0000  2.0876E-44
  920.0000  2.1001E-44
  925.0000  2.1222E-44
  930.0000  2.1569E-44
  935.0000  2.2026E-44
  940.0000  2.2608E-44
  945.0000  2.3300E-44
  950.0000  2.4118E-44
  955.0000  2.5060E-44
  960.0000  2.6112E-44
  965.0000  2.7276E-44
  970.0000  2.8537E-44
  975.0000  2.9894E-44
  980.0000  3.1321E-44
  985.0000  3.2831E-44
  990.0000  3.4369E-44
  995.0000  3.5934E-44
 1000.0000  3.7513E-44
 1005.0000  3.9037E-44
 1010.0000  4.0505E-44
 1015.0000  4.1863E-44
 1020.0000  4.3054E-44
 1025.0000  4.4066E-44
 1030.0000  4.4814E-44
 1035.0000  4.5271E-44
 1040.0000  4.5437E-44
 1045.0000  4.5285E-44
 1050.0000  4.4883E-44
 1055.0000  4.4218E-44
 1060.0000  4.3359E-44
 1065.0000  4.2320E-44
 1070.0000  4.1129E-44
 1075.0000  3.9813E-44
 1080.0000  3.8414E-44
 1085.0000  3.6945E-44
 1090.0000  3.5422E-44
 1095.0000  3.3870E-44
 1100.0000  3.2319E-44
 1105.0000  3.0767E-44
 1110.0000  2.9243E-44
 1115.0000  2.7747E-44
 1120.0000  2.6279E-44
 1125.0000  2.4880E-44
 1130.0000  2.3522E-44
 1135.0000  2.2248E-44
 1140.0000  2.1029E-44
 1145.0000  1.9879E-44
 1150.0000  1.8798E-44
 1155.0000  1.7787E-44
 1160.0000  1.6859E-44
 1165.0000  1.6000E-44
 1170.0000  1.5224E-44
 1175.0000  1.4504E-44
 1180.0000  1.3853E-44
 1185.0000  1.3270E-44
 1190.0000  1.2747E-44
 1195.0000  1.2280E-44
 1200.0000  1.1868E-44
 1205.0000  1.1501E-44
 1210.0000  1.1174E-44
 1215.0000  1.0883E-44
 1220.0000  1.0620E-44
 1225.0000  1.0376E-44
 1230.0000  1.0146E-44
 1235.0000  9.9200E-45
 1240.0000  9.6900E-45
 1245.0000  9.4490E-45
 1250.0000  9.1955E-45
 1255.0000  8.9267E-45
 1260.0000  8.6483E-45
 1265.0000  8.3601E-45
 1270.0000  8.0665E-45
 1275.0000  7.7700E-45
 1280.0000  7.4736E-45
 1285.0000  7.1813E-45
 1290.0000  6.8959E-45
 1295.0000  6.6189E-45
 1300.0000  6.3515E-45
 1305.0000  6.0966E-45
 1310.0000  5.8570E-45
 1315.0000  5.6339E-45
 1320.0000  5.4275E-45
 1325.0000  5.2405E-45
 1330.0000  5.0715E-45
 1335.0000  4.9233E-45
 1340.0000  4.7958E-45
 1345.0000  4.6905E-45
 1350.0000  4.6060E-45
 1355.0000  4.5423E-45
 1360.0000  4.4994E-45
 1365.0000  4.4758E-45
 1370.0000  4.4731E-45
 1375.0000  4.4883E-45
 1380.0000  4.5215E-45
 1385.0000  4.5700E-45
 1390.0000  4.6324E-45
 1395.0000  4.7058E-45
 1400.0000  4.7889E-45
 1405.0000  4.8776E-45
 1410.0000  4.9690E-45
 1415.0000  5.0576E-45
 1420.0000  5.1408E-45
 1425.0000  5.2128E-45
 1430.0000  5.2696E-45
 1435.0000  5.3042E-45
 1440.0000  5.3125E-45
 1445.0000  5.2904E-45
 1450.0000  5.2405E-45
 1455.0000  5.1629E-45
 1460.0000  5.0618E-45
 1465.0000  4.9413E-45
 1470.0000  4.8014E-45
 1475.0000  4.6476E-45
 1480.0000  4.4841E-45
 1485.0000  4.3110E-45
 1490.0000  4.1323E-45
 1495.0000  3.9494E-45
 1500.0000  3.7666E-45
              CO2-H2         5      1500    300    600 5.418E-44 5.000                            46
    5.0000  5.9456E-47
   10.0000  2.3619E-46
   15.0000  5.2585E-46
   20.0000  9.2121E-46
   25.0000  1.4130E-45
   30.0000  1.9906E-45
   35.0000  2.6403E-45
   40.0000  3.3496E-45
   45.0000  4.1032E-45
   50.0000  4.8873E-45
   55.0000  5.6866E-45
   60.0000  6.4873E-45
   65.0000  7.2741E-45
   70.0000  8.0360E-45
   75.0000  8.7619E-45
   80.0000  9.4420E-45
   85.0000  1.0067E-44
   90.0000  1.0632E-44
   95.0000  1.1131E-44
  100.0000  1.1560E-44
  105.0000  1.1919E-44
  110.0000  1.2206E-44
  115.0000  1.2423E-44
  120.0000  1.2573E-44
  125.0000  1.2656E-44
  130.0000  1.2678E-44
  135.0000  1.2641E-44
  140.0000  1.2552E-44
  145.0000  1.2413E-44
  150.0000  1.2231E-44
  155.0000  1.2010E-44
  160.0000  1.1757E-44
  165.0000  1.1474E-44
  170.0000  1.1169E-44
  175.0000  1.0844E-44
  180.0000  1.0506E-44
  185.0000  1.0157E-44
  190.0000  9.8022E-45
  195.0000  9.4448E-45
  200.0000  9.0888E-45
  205.0000  8.7369E-45
  210.0000  8.3920E-45
  215.0000  8.0582E-45
  220.0000  7.7382E-45
  225.0000  7.4320E-45
  230.0000  7.1425E-45
  235.0000  6.8737E-45
  240.0000  6.6244E-45
  245.0000  6.3986E-45
  250.0000  6.1963E-45
  255.0000  6.0204E-45
  260.0000  5.8694E-45
  265.0000  5.7461E-45
  270.0000  5.6519E-45
  275.0000  5.5854E-45
  280.0000  5.5480E-45
  285.0000  5.5383E-45
  290.0000  5.5591E-45
  295.0000  5.6090E-45
  300.0000  5.6852E-45
  305.0000  5.7877E-45
  310.0000  5.9165E-45
  315.0000  6.0661E-45
  320.0000  6.2365E-45
  325.0000  6.4221E-45
  330.0000  6.6202E-45
  335.0000  6.8239E-45
  340.0000  7.0289E-45
  345.0000  7.2284E-45
  350.0000  7.4140E-45
  355.0000  7.5816E-45
  360.0000  7.7229E-45
  365.0000  7.8407E-45
  370.0000  7.9363E-45
  375.0000  8.0138E-45
  380.0000  8.0762E-45
  385.0000  8.1288E-45
  390.0000  8.1759E-45
  395.0000  8.2244E-45
  400.0000  8.2784E-45
  405.0000  8.3449E-45
  410.0000  8.4280E-45
  415.0000  8.5347E-45
  420.0000  8.6691E-45
  425.0000  8.8381E-45
  430.0000  9.0472E-45
  435.0000  9.3035E-45
  440.0000  9.6124E-45
  445.0000  9.9809E-45
  450.0000  1.0413E-44
  455.0000  1.0917E-44
  460.0000  1.1498E-44
  465.0000  1.2163E-44
  470.0000  1.2916E-44
  475.0000  1.3765E-44
  480.0000  1.4712E-44
  485.0000  1.5764E-44
  490.0000  1.6928E-44
  495.0000  1.8216E-44
  500.0000  1.9602E-44
  505.0000  2.1112E-44
  510.0000  2.2732E-44
  515.0000  2.4478E-44
  520.0000  2.6334E-44
  525.0000  2.8287E-44
  530.0000  3.0351E-44
  535.0000  3.2485E-44
  540.0000  3.4687E-44
  545.0000  3.6945E-44
  550.0000  3.9231E-44
  555.0000  4.1503E-44
  560.0000  4.3719E-44
  565.0000  4.5867E-44
  570.0000  4.7875E-44
  575.0000  4.9690E-44
  580.0000  5.1269E-44
  585.0000  5.2530E-44
  590.0000  5.3444E-44
  595.0000  5.3998E-44
  600.0000  5.4178E-44
  605.0000  5.4054E-44
  610.0000  5.3610E-44
  615.0000  5.2931E-44
  620.0000  5.2017E-44
  625.0000  5.0909E-44
  630.0000  4.9648E-44
  635.0000  4.8277E-44
  640.0000  4.6795E-44
  645.0000  4.5243E-44
  650.0000  4.3650E-44
  655.0000  4.2029E-44
  660.0000  4.0395E-44
  665.0000  3.8788E-44
  670.0000  3.7222E-44
  675.0000  3.5685E-44
  680.0000  3.4216E-44
  685.0000  3.2817E-44
  690.0000  3.1487E-44
  695.0000  3.0254E-44
  700.0000  2.9119E-44
  705.0000  2.8080E-44
  710.0000  2.7151E-44
  715.0000  2.6334E-44
  720.0000  2.5628E-44
  725.0000  2.5018E-44
  730.0000  2.4533E-44
  735.0000  2.4159E-44
  740.0000  2.3896E-44
  745.0000  2.3744E-44
  750.0000  2.3688E-44
  755.0000  2.3730E-44
  760.0000  2.3854E-44
  765.0000  2.4076E-44
  770.0000  2.4353E-44
  775.0000  2.4699E-44
  780.0000  2.5087E-44
  785.0000  2.5503E-44
  790.0000  2.5919E-44
  795.0000  2.6334E-44
  800.0000  2.6722E-44
  805.0000  2.7041E-44
  810.0000  2.7290E-44
  815.0000  2.7415E-44
  820.0000  2.7442E-44
  825.0000  2.7345E-44
  830.0000  2.7151E-44
  835.0000  2.6861E-44
  840.0000  2.6514E-44
  845.0000  2.6099E-44
  850.0000  2.5655E-44
  855.0000  2.5198E-44
  860.0000  2.4713E-44
  865.0000  2.4256E-44
  870.0000  2.3813E-44
  875.0000  2.3397E-44
  880.0000  2.3023E-44
  885.0000  2.2719E-44
  890.0000  2.2469E-44
  895.0000  2.2303E-44
  900.0000  2.2220E-44
  905.0000  2.2220E-44
  910.0000  2.2331E-44
  915.0000  2.2552E-44
  920.0000  2.2871E-44
  925.0000  2.3314E-44
  930.0000  2.3882E-44
  935.0000  2.4575E-44
  940.0000  2.5392E-44
  945.0000  2.6334E-44
  950.0000  2.7401E-44
  955.0000  2.8606E-44
  960.0000  2.9922E-44
  965.0000  3.1349E-44
  970.0000  3.2886E-44
  975.0000  3.4521E-44
  980.0000  3.6239E-44
  985.0000  3.8026E-44
  990.0000  3.9841E-44
  995.0000  4.1683E-44
 1000.0000  4.3512E-44
 1005.0000  4.5299E-44
 1010.0000  4.6989E-44
 1015.0000  4.8554E-44
 1020.0000  4.9939E-44
 1025.0000  5.1089E-44
 1030.0000  5.1948E-44
 1035.0000  5.2488E-44
 1040.0000  5.2668E-44
 1045.0000  5.2502E-44
 1050.0000  5.2031E-44
 1055.0000  5.1297E-44
 1060.0000  5.0313E-44
 1065.0000  4.9136E-44
 1070.0000  4.7792E-44
 1075.0000  4.6310E-44
 1080.0000  4.4717E-44
 1085.0000  4.3068E-44
 1090.0000  4.1351E-44
 1095.0000  3.9619E-44
 1100.0000  3.7860E-44
 1105.0000  3.6128E-44
 1110.0000  3.4410E-44
 1115.0000  3.2734E-44
 1120.0000  3.1099E-44
 1125.0000  2.9534E-44
 1130.0000  2.8024E-44
 1135.0000  2.6597E-44
 1140.0000  2.5240E-44
 1145.0000  2.3965E-44
 1150.0000  2.2788E-44
 1155.0000  2.1680E-44
 1160.0000  2.0668E-44
 1165.0000  1.9726E-44
 1170.0000  1.8881E-44
 1175.0000  1.8119E-44
 1180.0000  1.7441E-44
 1185.0000  1.6831E-44
 1190.0000  1.6291E-44
 1195.0000  1.5820E-44
 1200.0000  1.5404E-44
 1205.0000  1.5058E-44
 1210.0000  1.4739E-44
 1215.0000  1.4462E-44
 1220.0000  1.4227E-44
 1225.0000  1.3991E-44
 1230.0000  1.3781E-44
 1235.0000  1.3562E-44
 1240.0000  1.3331E-44
 1245.0000  1.3077E-44
 1250.0000  1.2797E-44
 1255.0000  1.2494E-44
 1260.0000  1.2168E-44
 1265.0000  1.1827E-44
 1270.0000  1.1477E-44
 1275.0000  1.1120E-44
 1280.0000  1.0761E-44
 1285.0000  1.0406E-44
 1290.0000  1.0060E-44
 1295.0000  9.7260E-45
 1300.0000  9.4060E-45
 1305.0000  9.1068E-45
 1310.0000  8.8270E-45
 1315.0000  8.5735E-45
 1320.0000  8.3449E-45
 1325.0000  8.1454E-45
 1330.0000  7.9750E-45
 1335.0000  7.8351E-45
 1340.0000  7.7285E-45
 1345.0000  7.6537E-45
 1350.0000  7.6121E-45
 1355.0000  7.6038E-45
 1360.0000  7.6273E-45
 1365.0000  7.6814E-45
 1370.0000  7.7672E-45
 1375.0000  7.8808E-45
 1380.0000  8.0208E-45
 1385.0000  8.1856E-45
 1390.0000  8.3685E-45
 1395.0000  8.5693E-45
 1400.0000  8.7813E-45
 1405.0000  8.9988E-45
 1410.0000  9.2162E-45
 1415.0000  9.4254E-45
 1420.0000  9.6194E-45
 1425.0000  9.7884E-45
 1430.0000  9.9227E-45
 1435.0000  1.0013E-44
 1440.0000  1.0052E-44
 1445.0000  1.0031E-44
 1450.0000  9.9518E-45
 1455.0000  9.8216E-45
 1460.0000  9.6429E-45
 1465.0000  9.4240E-45
 1470.0000  9.1719E-45
 1475.0000  8.8921E-45
 1480.0000  8.5901E-45
 1485.0000  8.2729E-45
 1490.0000  7.9432E-45
 1495.0000  7.6066E-45
 1500.0000  7.2658E-45
