Wavenumber [cm^-1],BACs [cm^5 molecule^-2] T = 399 K,Sistematic errors [cm^5 molecule^-2]
3193,0,2.23e-45
3194,0,2.23e-45
3195,0,2.23e-45
3196,0,2.23e-45
3197,0,2.23e-45
3198,0,2.23e-45
3199,0,2.23e-45
3200,0,2.23e-45
3201,0,2.23e-45
3202,0,2.23e-45
3203,0,2.23e-45
3204,0,2.23e-45
3205,0,2.23e-45
3206,0,2.23e-45
3207,0,2.23e-45
3208,0,2.23e-45
3209,0,2.23e-45
3210,0,2.23e-45
3211,0,2.23e-45
3212,0,2.23e-45
3213,0,2.23e-45
3214,0,2.23e-45
3215,0,2.23e-45
3216,0,2.23e-45
3217,0,2.23e-45
3218,0,2.23e-45
3219,0,2.23e-45
3220,0,2.23e-45
3221,0,2.23e-45
3222,0,2.23e-45
3223,0,2.23e-45
3224,0,2.23e-45
3225,0,2.23e-45
3226,0,2.23e-45
3227,0,2.23e-45
3228,0,2.23e-45
3229,0,2.23e-45
3230,0,2.23e-45
3231,0,2.23e-45
3232,0,2.23e-45
3233,0,2.23e-45
3234,0,2.23e-45
3235,0,2.23e-45
3236,0,2.23e-45
3237,0,2.23e-45
3238,0,2.23e-45
3239,0,2.23e-45
3240,0,2.23e-45
3241,0,2.23e-45
3242,0,2.23e-45
3243,0,2.23e-45
3244,0,2.23e-45
3245,0,2.23e-45
3246,0,2.23e-45
3247,0,2.23e-45
3248,0,2.23e-45
3249,0,2.23e-45
3250,0,2.23e-45
3251,0,2.23e-45
3252,0,2.23e-45
3253,0,2.23e-45
3254,0,2.23e-45
3255,0,2.23e-45
3256,0,2.23e-45
3257,0,2.23e-45
3258,0,2.23e-45
3259,0,2.23e-45
3260,0,2.23e-45
3261,0,2.23e-45
3262,0,2.23e-45
3263,0,2.23e-45
3264,0,2.23e-45
3265,0,2.23e-45
3266,0,2.23e-45
3267,0,2.23e-45
3268,0,2.23e-45
3269,0,2.23e-45
3270,0,2.23e-45
3271,0,2.23e-45
3272,0,2.23e-45
3273,0,2.23e-45
3274,0,2.23e-45
3275,0,2.23e-45
3276,0,2.23e-45
3277,0,2.23e-45
3278,0,2.23e-45
3279,0,2.23e-45
3280,0,2.23e-45
3281,0,2.23e-45
3282,0,2.23e-45
3283,0,2.23e-45
3284,0,2.23e-45
3977,1.675e-44,2.74e-45
3978,1.611e-44,2.73e-45
3979,1.631e-44,2.73e-45
3980,1.676e-44,2.74e-45
3981,1.692e-44,2.75e-45
3982,1.707e-44,2.75e-45
3983,1.7e-44,2.75e-45
3984,1.708e-44,2.76e-45
3985,1.73e-44,2.76e-45
3986,1.742e-44,2.77e-45
3987,1.762e-44,2.77e-45
3988,1.786e-44,2.78e-45
3989,1.868e-44,2.8e-45
3990,1.968e-44,2.83e-45
3991,1.952e-44,2.83e-45
3992,1.915e-44,2.82e-45
3993,1.922e-44,2.82e-45
3994,1.946e-44,2.83e-45
3995,1.988e-44,2.84e-45
3996,1.979e-44,2.84e-45
3997,1.98e-44,2.84e-45
3998,2.002e-44,2.84e-45
3999,2.027e-44,2.85e-45
4000,2.059e-44,2.86e-45
4001,2.106e-44,2.87e-45
4002,2.122e-44,2.88e-45
4003,2.15e-44,2.89e-45
4004,2.147e-44,2.89e-45
4005,2.168e-44,2.89e-45
4006,2.188e-44,2.9e-45
4007,2.215e-44,2.91e-45
4008,2.26e-44,2.92e-45
4009,2.288e-44,2.93e-45
4010,2.291e-44,2.93e-45
4011,2.312e-44,2.94e-45
4012,2.342e-44,2.95e-45
4013,2.376e-44,2.96e-45
4014,2.407e-44,2.97e-45
4015,2.436e-44,2.98e-45
4016,2.466e-44,2.99e-45
4017,2.502e-44,3e-45
4018,2.522e-44,3e-45
4019,2.553e-44,3.01e-45
4020,2.587e-44,3.02e-45
4021,2.615e-44,3.03e-45
4022,2.657e-44,3.04e-45
4023,2.696e-44,2.63e-45
4024,2.751e-44,2.63e-45
4025,2.806e-44,2.63e-45
4026,2.851e-44,2.63e-45
4027,2.914e-44,2.63e-45
4028,3.041e-44,2.63e-45
4029,2.872e-44,2.63e-45
4030,2.805e-44,2.63e-45
4031,2.885e-44,3.11e-45
4032,2.944e-44,3.13e-45
4033,2.994e-44,3.14e-45
4034,3.04e-44,3.16e-45
4035,3.074e-44,3.17e-45
4036,3.114e-44,3.18e-45
4037,3.149e-44,3.19e-45
4038,3.183e-44,3.2e-45
4039,3.228e-44,3.22e-45
4040,3.269e-44,3.23e-45
4041,3.307e-44,3.24e-45
4042,3.352e-44,3.25e-45
4043,3.402e-44,3.27e-45
4044,3.462e-44,3.29e-45
4045,3.501e-44,3.3e-45
4046,3.519e-44,3.3e-45
4047,3.544e-44,3.31e-45
4048,3.587e-44,3.32e-45
4049,3.627e-44,3.34e-45
4050,3.674e-44,3.35e-45
4051,3.715e-44,3.36e-45
4052,3.76e-44,3.38e-45
4053,3.798e-44,3.39e-45
4054,3.842e-44,3.4e-45
4055,3.889e-44,3.42e-45
4056,3.918e-44,3.43e-45
4057,3.964e-44,3.44e-45
4058,4.017e-44,3.46e-45
4059,4.067e-44,3.47e-45
4060,4.117e-44,3.49e-45
4061,4.161e-44,3.5e-45
4062,4.201e-44,3.51e-45
4063,4.249e-44,3.53e-45
4064,4.296e-44,3.54e-45
4065,4.336e-44,3.56e-45
4066,4.378e-44,3.57e-45
4067,4.425e-44,3.59e-45
4068,4.481e-44,3.6e-45
4069,4.523e-44,3.62e-45
4070,4.571e-44,3.63e-45
4071,4.627e-44,3.65e-45
4072,4.668e-44,3.66e-45
4073,4.719e-44,3.68e-45
4074,4.778e-44,3.69e-45
4075,4.836e-44,3.71e-45
4076,4.883e-44,3.73e-45
4077,4.929e-44,3.74e-45
4078,4.981e-44,3.76e-45
4079,5.039e-44,3.78e-45
4080,5.085e-44,3.79e-45
4081,5.13e-44,3.81e-45
4082,5.178e-44,3.82e-45
4083,5.227e-44,3.84e-45
4084,5.28e-44,3.85e-45
4085,5.321e-44,3.87e-45
4086,5.373e-44,3.89e-45
4087,5.438e-44,3.91e-45
4088,5.5e-44,3.92e-45
4089,5.542e-44,3.94e-45
4090,5.581e-44,3.95e-45
4091,5.632e-44,3.97e-45
4092,5.681e-44,3.98e-45
4093,5.734e-44,4e-45
4094,5.777e-44,4.01e-45
4095,5.823e-44,4.03e-45
4096,5.87e-44,4.04e-45
4097,5.93e-44,4.06e-45
4098,5.976e-44,4.08e-45
4099,6.023e-44,4.09e-45
4100,6.069e-44,4.11e-45
4101,6.114e-44,4.12e-45
4102,6.16e-44,4.14e-45
4103,6.207e-44,4.15e-45
4104,6.266e-44,4.17e-45
4105,6.325e-44,4.19e-45
4106,6.379e-44,4.21e-45
4107,6.416e-44,4.22e-45
4108,6.453e-44,4.23e-45
4109,6.499e-44,4.25e-45
4110,6.542e-44,4.27e-45
4111,6.583e-44,4.28e-45
4112,6.629e-44,4.29e-45
4113,6.669e-44,4.31e-45
4114,6.714e-44,4.32e-45
4115,6.753e-44,4.33e-45
4116,6.795e-44,4.35e-45
4117,6.841e-44,4.36e-45
4118,6.885e-44,4.38e-45
4119,6.926e-44,4.39e-45
4120,6.967e-44,4.41e-45
4121,7.009e-44,4.42e-45
4122,7.046e-44,4.43e-45
4123,7.073e-44,4.44e-45
4124,7.087e-44,4.45e-45
4125,7.055e-44,4.43e-45
4126,7.031e-44,4.41e-45
4127,7.145e-44,4.46e-45
4128,7.226e-44,4.49e-45
4129,7.278e-44,4.51e-45
4130,7.32e-44,4.52e-45
4131,7.356e-44,4.54e-45
4132,7.39e-44,4.55e-45
4133,7.429e-44,4.56e-45
4134,7.461e-44,4.57e-45
4135,7.488e-44,4.58e-45
4136,7.512e-44,4.59e-45
4137,7.549e-44,4.6e-45
4138,7.592e-44,4.62e-45
4139,7.612e-44,4.63e-45
4140,7.64e-44,4.63e-45
4141,7.66e-44,4.64e-45
4142,7.666e-44,4.64e-45
4143,7.625e-44,4.62e-45
4144,7.677e-44,4.63e-45
4145,7.794e-44,4.68e-45
4146,7.848e-44,4.7e-45
4147,7.872e-44,4.71e-45
4148,7.899e-44,4.72e-45
4149,7.917e-44,4.72e-45
4150,7.927e-44,4.73e-45
4151,7.92e-44,4.73e-45
4152,7.926e-44,4.74e-45
4153,7.903e-44,4.73e-45
4154,7.756e-44,4.67e-45
4155,7.439e-44,4.51e-45
4156,7.624e-44,4.59e-45
4157,7.886e-44,4.71e-45
4158,7.96e-44,4.74e-45
4159,7.986e-44,4.75e-45
4160,7.962e-44,4.75e-45
4161,7.908e-44,4.72e-45
4162,7.932e-44,4.74e-45
4163,7.958e-44,4.75e-45
4164,7.947e-44,4.75e-45
4165,7.941e-44,4.75e-45
4166,7.933e-44,4.75e-45
4167,7.928e-44,4.75e-45
4168,7.918e-44,4.75e-45
4169,7.9e-44,4.74e-45
4170,7.89e-44,4.74e-45
4171,7.875e-44,4.74e-45
4172,7.869e-44,4.74e-45
4173,7.869e-44,4.74e-45
4174,7.859e-44,4.74e-45
4175,7.85e-44,4.73e-45
4176,7.845e-44,4.73e-45
4177,7.826e-44,4.73e-45
4178,7.813e-44,4.72e-45
4179,7.802e-44,4.72e-45
4180,7.788e-44,4.72e-45
4181,7.778e-44,4.72e-45
4182,7.774e-44,4.71e-45
4183,7.751e-44,4.71e-45
4184,7.728e-44,4.7e-45
4185,7.716e-44,4.7e-45
4186,7.707e-44,4.7e-45
4187,7.699e-44,4.7e-45
4188,7.674e-44,4.69e-45
4189,7.649e-44,4.68e-45
4190,7.619e-44,4.67e-45
4191,7.589e-44,4.67e-45
4192,7.563e-44,4.66e-45
4193,7.539e-44,4.65e-45
4194,7.516e-44,4.64e-45
4195,7.482e-44,4.63e-45
4196,7.447e-44,4.63e-45
4197,7.42e-44,4.62e-45
4198,7.399e-44,4.61e-45
4199,7.366e-44,4.6e-45
4200,7.339e-44,4.59e-45
4201,7.313e-44,4.58e-45
4202,7.281e-44,4.58e-45
4203,7.251e-44,4.57e-45
4204,7.219e-44,4.56e-45
4205,7.186e-44,4.55e-45
4206,7.15e-44,4.54e-45
4207,7.115e-44,4.53e-45
4208,7.086e-44,4.52e-45
4209,7.05e-44,4.51e-45
4210,7.007e-44,4.5e-45
4211,6.975e-44,4.49e-45
4212,6.944e-44,4.48e-45
4213,6.912e-44,4.47e-45
4214,6.874e-44,4.46e-45
4215,6.849e-44,4.45e-45
4216,6.814e-44,4.44e-45
4217,6.777e-44,4.43e-45
4218,6.743e-44,4.42e-45
4219,6.7e-44,4.41e-45
4220,6.654e-44,4.4e-45
4221,6.608e-44,4.38e-45
4222,6.573e-44,4.37e-45
4223,6.539e-44,4.36e-45
4224,6.502e-44,4.35e-45
4225,6.454e-44,4.34e-45
4226,6.42e-44,4.33e-45
4227,6.386e-44,4.31e-45
4228,6.346e-44,4.3e-45
4229,6.305e-44,4.29e-45
4230,6.267e-44,4.28e-45
4231,6.233e-44,4.27e-45
4232,6.19e-44,4.26e-45
4233,6.147e-44,4.25e-45
4234,6.114e-44,4.24e-45
4235,6.072e-44,4.22e-45
4236,6.029e-44,4.21e-45
4237,5.989e-44,4.2e-45
4238,5.957e-44,4.19e-45
4239,5.921e-44,4.18e-45
4240,5.886e-44,4.17e-45
4241,5.849e-44,4.16e-45
4242,5.805e-44,4.14e-45
4243,5.758e-44,4.13e-45
4244,5.727e-44,4.12e-45
4245,5.69e-44,4.11e-45
4246,5.65e-44,4.1e-45
4247,5.616e-44,4.09e-45
4248,5.577e-44,4.08e-45
4249,5.535e-44,4.07e-45
4250,5.492e-44,4.06e-45
4251,5.454e-44,4.04e-45
4252,5.433e-44,4.03e-45
4253,5.397e-44,4.02e-45
4254,5.359e-44,4.01e-45
4255,5.321e-44,4e-45
4256,5.279e-44,3.99e-45
4257,5.249e-44,3.98e-45
4258,5.229e-44,3.97e-45
4259,5.209e-44,3.97e-45
4260,5.158e-44,3.95e-45
4261,5.115e-44,3.94e-45
4262,5.07e-44,3.93e-45
4263,5.031e-44,3.91e-45
4264,4.989e-44,3.9e-45
4265,4.954e-44,3.89e-45
4266,4.922e-44,3.88e-45
4267,4.888e-44,3.87e-45
4268,4.854e-44,3.86e-45
4269,4.82e-44,3.85e-45
4270,4.789e-44,3.84e-45
4271,4.759e-44,3.83e-45
4272,4.727e-44,3.82e-45
4273,4.694e-44,3.81e-45
4274,4.657e-44,3.8e-45
4275,4.626e-44,3.8e-45
4276,4.587e-44,3.78e-45
4277,4.557e-44,3.77e-45
4278,4.524e-44,3.77e-45
4279,4.495e-44,3.76e-45
4280,4.465e-44,3.74e-45
4281,4.432e-44,3.74e-45
4282,4.395e-44,3.73e-45
4283,4.374e-44,3.72e-45
4284,4.344e-44,3.71e-45
4285,4.308e-44,3.7e-45
4286,4.269e-44,3.69e-45
4287,4.257e-44,3.68e-45
4288,4.232e-44,3.67e-45
4289,4.195e-44,3.66e-45
4290,4.165e-44,3.66e-45
4291,4.141e-44,3.65e-45
4292,4.105e-44,3.64e-45
4293,4.081e-44,3.63e-45
4294,4.058e-44,3.62e-45
4295,4.039e-44,3.61e-45
4296,4.008e-44,3.61e-45
4297,3.97e-44,3.6e-45
4298,3.944e-44,3.59e-45
4299,3.918e-44,3.58e-45
4300,3.901e-44,3.57e-45
4301,3.872e-44,3.57e-45
4302,3.839e-44,3.56e-45
4303,3.804e-44,3.55e-45
4304,3.785e-44,3.54e-45
4305,3.763e-44,3.53e-45
4306,3.738e-44,3.53e-45
4307,3.715e-44,3.52e-45
4308,3.686e-44,3.51e-45
4309,3.657e-44,3.5e-45
4310,3.644e-44,3.5e-45
4311,3.615e-44,3.49e-45
4312,3.594e-44,3.48e-45
4313,3.579e-44,3.48e-45
4314,3.562e-44,3.47e-45
4315,3.526e-44,3.46e-45
4316,3.507e-44,3.45e-45
4317,3.479e-44,3.45e-45
4318,3.456e-44,3.44e-45
4319,3.437e-44,3.43e-45
4320,3.41e-44,3.43e-45
4321,3.385e-44,3.42e-45
4322,3.369e-44,3.41e-45
4323,3.349e-44,3.41e-45
4324,3.315e-44,3.4e-45
4325,3.296e-44,3.39e-45
4326,3.282e-44,3.39e-45
4327,3.258e-44,3.38e-45
4328,3.241e-44,3.37e-45
4329,3.218e-44,3.37e-45
4330,3.208e-44,3.36e-45
4331,3.194e-44,3.36e-45
4332,3.164e-44,3.35e-45
4333,3.146e-44,3.34e-45
4334,3.123e-44,3.34e-45
4335,3.101e-44,3.33e-45
4336,3.083e-44,3.32e-45
4337,3.061e-44,3.32e-45
4338,3.038e-44,3.31e-45
4339,3.018e-44,3.31e-45
4340,2.999e-44,3.3e-45
4341,2.985e-44,3.3e-45
4342,2.965e-44,3.29e-45
4343,2.946e-44,3.28e-45
4344,2.932e-44,3.28e-45
4345,2.913e-44,3.27e-45
4346,2.9e-44,3.27e-45
4347,2.882e-44,3.26e-45
4348,2.865e-44,3.26e-45
4349,2.85e-44,3.26e-45
4350,2.837e-44,3.25e-45
4351,2.824e-44,3.24e-45
4352,2.8e-44,3.24e-45
4353,2.782e-44,3.23e-45
4354,2.766e-44,3.23e-45
4355,2.747e-44,3.22e-45
4356,2.739e-44,3.22e-45
4357,2.724e-44,3.22e-45
4358,2.701e-44,3.21e-45
4359,2.689e-44,3.21e-45
4360,2.669e-44,3.2e-45
4361,2.659e-44,3.2e-45
4362,2.648e-44,3.19e-45
4363,2.63e-44,3.19e-45
4364,2.61e-44,3.18e-45
4365,2.597e-44,3.18e-45
4366,2.596e-44,3.17e-45
4367,2.576e-44,3.17e-45
4368,2.555e-44,3.16e-45
4369,2.537e-44,3.16e-45
4370,2.528e-44,3.16e-45
4371,2.514e-44,3.15e-45
4372,2.501e-44,3.15e-45
4373,2.495e-44,3.15e-45
4374,2.48e-44,3.14e-45
4375,2.462e-44,3.14e-45
4376,2.44e-44,3.13e-45
4377,2.436e-44,3.13e-45
4378,2.441e-44,3.12e-45
4379,2.427e-44,3.12e-45
4380,2.413e-44,3.12e-45
4381,2.398e-44,3.11e-45
4382,2.378e-44,3.11e-45
4383,2.365e-44,3.1e-45
4384,2.355e-44,3.1e-45
4385,2.336e-44,3.1e-45
4386,2.33e-44,3.1e-45
4387,2.328e-44,3.09e-45
4388,2.317e-44,3.09e-45
4389,2.309e-44,3.09e-45
4390,2.289e-44,3.08e-45
4391,2.277e-44,3.08e-45
4392,2.268e-44,3.08e-45
4393,2.262e-44,3.07e-45
4394,2.257e-44,3.07e-45
4395,2.248e-44,3.07e-45
4396,2.236e-44,3.06e-45
4397,2.217e-44,3.06e-45
4398,2.218e-44,3.06e-45
4399,2.211e-44,3.05e-45
4400,2.207e-44,3.05e-45
4401,2.194e-44,3.05e-45
4402,2.185e-44,3.05e-45
4403,2.174e-44,3.04e-45
4404,2.164e-44,3.04e-45
4405,2.158e-44,3.04e-45
4406,2.155e-44,3.04e-45
4407,2.142e-44,3.03e-45
4408,2.136e-44,3.03e-45
4409,2.126e-44,3.03e-45
4410,2.11e-44,3.02e-45
4411,2.115e-44,3.02e-45
4412,2.105e-44,3.02e-45
4413,2.091e-44,3.02e-45
4414,2.086e-44,3.01e-45
4415,2.076e-44,3.01e-45
4416,2.076e-44,3.01e-45
4417,2.076e-44,3.01e-45
4418,2.071e-44,3.01e-45
4419,2.059e-44,3e-45
4420,2.044e-44,3e-45
4421,2.045e-44,3e-45
4422,2.047e-44,3e-45
4423,2.042e-44,3e-45
4424,2.028e-44,2.99e-45
4425,2.025e-44,2.99e-45
4426,2.014e-44,2.99e-45
4427,2.009e-44,2.99e-45
4428,2.005e-44,2.99e-45
4429,2.005e-44,2.99e-45
4430,1.986e-44,2.98e-45
4431,1.978e-44,2.98e-45
4432,1.985e-44,2.98e-45
4433,1.984e-44,2.98e-45
4434,1.973e-44,2.98e-45
4435,1.974e-44,2.98e-45
4436,1.967e-44,2.98e-45
4437,1.954e-44,2.97e-45
4438,1.945e-44,2.97e-45
4439,1.947e-44,2.97e-45
4440,1.943e-44,2.97e-45
4441,1.931e-44,2.96e-45
4442,1.922e-44,2.96e-45
4443,1.928e-44,2.96e-45
4444,1.924e-44,2.96e-45
4445,1.916e-44,2.96e-45
4446,1.908e-44,2.96e-45
4447,1.9e-44,2.95e-45
4448,1.895e-44,2.95e-45
4449,1.892e-44,2.95e-45
4450,1.896e-44,2.95e-45
4451,1.885e-44,2.95e-45
4452,1.882e-44,2.95e-45
4453,1.87e-44,2.94e-45
4454,1.864e-44,2.94e-45
4455,1.863e-44,2.94e-45
4456,1.85e-44,2.94e-45
4457,1.857e-44,2.94e-45
4458,1.855e-44,2.94e-45
4459,1.848e-44,2.94e-45
4460,1.84e-44,2.94e-45
4461,1.84e-44,2.93e-45
4462,1.844e-44,2.93e-45
4463,1.841e-44,2.93e-45
4464,1.836e-44,2.93e-45
4465,1.822e-44,2.93e-45
4466,1.819e-44,2.93e-45
4467,1.819e-44,2.93e-45
4468,1.808e-44,2.93e-45
4469,1.809e-44,2.93e-45
4470,1.807e-44,2.92e-45
4471,1.804e-44,2.92e-45
4472,1.803e-44,2.92e-45
4473,1.801e-44,2.92e-45
4474,1.8e-44,2.92e-45
4475,1.785e-44,2.92e-45
4476,1.781e-44,2.92e-45
4477,1.778e-44,2.92e-45
4478,1.776e-44,2.92e-45
4479,1.778e-44,2.91e-45
4480,1.78e-44,2.91e-45
4481,1.772e-44,2.91e-45
4482,1.769e-44,2.91e-45
4483,1.766e-44,2.91e-45
4484,1.753e-44,2.91e-45
4485,1.744e-44,2.91e-45
4486,1.741e-44,2.9e-45
4487,1.745e-44,2.9e-45
4488,1.737e-44,2.9e-45
4489,1.729e-44,2.9e-45
4490,1.729e-44,2.9e-45
4491,1.73e-44,2.9e-45
4492,1.72e-44,2.9e-45
4493,1.719e-44,2.89e-45
4494,1.712e-44,2.89e-45
4495,1.701e-44,2.89e-45
4496,1.704e-44,2.89e-45
4497,1.681e-44,2.89e-45
4498,1.676e-44,2.89e-45
4499,1.687e-44,2.88e-45
4500,1.693e-44,2.88e-45
4501,1.692e-44,2.88e-45
4502,1.68e-44,2.88e-45
4503,1.668e-44,2.88e-45
4504,1.661e-44,2.88e-45
4505,1.654e-44,2.88e-45
4506,1.657e-44,2.88e-45
4507,1.652e-44,2.87e-45
4508,1.65e-44,2.87e-45
4509,1.644e-44,2.87e-45
4510,1.637e-44,2.87e-45
4511,1.634e-44,2.87e-45
4512,1.629e-44,2.87e-45
4513,1.625e-44,2.87e-45
4514,1.619e-44,2.87e-45
4515,1.626e-44,2.87e-45
4516,1.62e-44,2.86e-45
4517,1.62e-44,2.86e-45
4518,1.612e-44,2.86e-45
4519,1.594e-44,2.86e-45
4520,1.584e-44,2.86e-45
4521,1.583e-44,2.86e-45
4522,1.586e-44,2.85e-45
4523,1.585e-44,2.85e-45
4524,1.584e-44,2.85e-45
4525,1.573e-44,2.85e-45
4526,1.562e-44,2.85e-45
4527,1.564e-44,2.85e-45
4528,1.559e-44,2.85e-45
4529,1.547e-44,2.84e-45
4530,1.551e-44,2.84e-45
4531,1.537e-44,2.84e-45
4532,1.528e-44,2.84e-45
4533,1.53e-44,2.84e-45
4534,1.534e-44,2.84e-45
4535,1.524e-44,2.84e-45
4536,1.505e-44,2.83e-45
4537,1.499e-44,2.83e-45
4538,1.498e-44,2.83e-45
4539,1.502e-44,2.83e-45
4540,1.49e-44,2.82e-45
4541,1.482e-44,2.83e-45
4542,1.48e-44,2.82e-45
4543,1.472e-44,2.82e-45
4544,1.463e-44,2.82e-45
4545,1.461e-44,2.82e-45
4546,1.469e-44,2.82e-45
4547,1.459e-44,2.81e-45
4548,1.447e-44,2.81e-45
4549,1.438e-44,2.81e-45
4550,1.428e-44,2.81e-45
4551,1.442e-44,2.81e-45
4552,1.436e-44,2.81e-45
4553,1.426e-44,2.81e-45
4554,1.415e-44,2.8e-45
4555,1.409e-44,2.8e-45
4556,1.409e-44,2.8e-45
4557,1.412e-44,2.8e-45
4558,1.404e-44,2.8e-45
4559,1.402e-44,2.8e-45
4560,1.387e-44,2.8e-45
4561,1.399e-44,2.8e-45
4562,1.391e-44,2.8e-45
4563,1.389e-44,2.8e-45
4564,1.38e-44,2.79e-45
4565,1.381e-44,2.8e-45
4566,1.381e-44,2.8e-45
4567,1.377e-44,2.79e-45
4568,1.371e-44,2.79e-45
4569,1.371e-44,2.79e-45
4570,1.366e-44,2.79e-45
4571,1.356e-44,2.79e-45
4572,1.355e-44,2.79e-45
4573,1.366e-44,2.79e-45
4574,1.356e-44,2.79e-45
4575,1.35e-44,2.79e-45
4576,1.352e-44,2.79e-45
4577,1.351e-44,2.79e-45
4578,1.34e-44,2.78e-45
4579,1.349e-44,2.78e-45
4580,1.346e-44,2.78e-45
4581,1.348e-44,2.78e-45
4582,1.343e-44,2.78e-45
4583,1.336e-44,2.78e-45
4584,1.325e-44,2.78e-45
4585,1.332e-44,2.78e-45
4586,1.342e-44,2.78e-45
4587,1.335e-44,2.78e-45
4588,1.328e-44,2.78e-45
4589,1.327e-44,2.78e-45
4590,1.319e-44,2.78e-45
4591,1.335e-44,2.78e-45
4592,1.341e-44,2.78e-45
4593,1.335e-44,2.78e-45
4594,1.325e-44,2.78e-45
4595,1.319e-44,2.78e-45
4596,1.32e-44,2.78e-45
4597,1.326e-44,2.78e-45
4598,1.333e-44,2.78e-45
4599,1.327e-44,2.78e-45
4600,1.329e-44,2.78e-45
4601,1.333e-44,2.78e-45
4602,1.33e-44,2.78e-45
4603,1.332e-44,2.78e-45
4604,1.341e-44,2.78e-45
4605,1.343e-44,2.78e-45
4606,1.34e-44,2.78e-45
4607,1.342e-44,2.78e-45
4608,1.344e-44,2.78e-45
4609,1.34e-44,2.78e-45
4610,1.34e-44,2.78e-45
4611,1.351e-44,2.79e-45
4612,1.345e-44,2.79e-45
4613,1.355e-44,2.79e-45
4614,1.367e-44,2.79e-45
4615,1.36e-44,2.79e-45
4616,1.354e-44,2.79e-45
4617,1.361e-44,2.79e-45
4618,1.368e-44,2.79e-45
4619,1.366e-44,2.79e-45
4620,1.377e-44,2.79e-45
4621,1.388e-44,2.79e-45
4622,1.392e-44,2.8e-45
4623,1.379e-44,2.8e-45
4624,1.38e-44,2.8e-45
4625,1.388e-44,2.8e-45
4626,1.399e-44,2.8e-45
4627,1.399e-44,2.8e-45
4628,1.401e-44,2.81e-45
4629,1.407e-44,2.81e-45
4630,1.407e-44,2.81e-45
4631,1.414e-44,2.81e-45
4632,1.416e-44,2.81e-45
4633,1.416e-44,2.81e-45
4634,1.433e-44,2.81e-45
4635,1.441e-44,2.81e-45
4636,1.442e-44,2.82e-45
4637,1.44e-44,2.82e-45
4638,1.44e-44,2.82e-45
4639,1.449e-44,2.82e-45
4640,1.447e-44,2.82e-45
4641,1.451e-44,2.82e-45
4642,1.454e-44,2.83e-45
4643,1.469e-44,2.83e-45
4644,1.486e-44,2.83e-45
4645,1.476e-44,2.83e-45
4646,1.48e-44,2.83e-45
4647,1.494e-44,2.84e-45
4648,1.51e-44,2.84e-45
4649,1.507e-44,2.84e-45
4650,1.522e-44,2.85e-45
4651,1.534e-44,2.85e-45
4652,1.545e-44,2.85e-45
4653,1.565e-44,2.85e-45
4654,1.57e-44,2.86e-45
4655,1.581e-44,2.87e-45
4656,1.593e-44,2.87e-45
4657,1.603e-44,2.87e-45
4658,1.611e-44,2.87e-45
4659,1.626e-44,2.87e-45
4660,1.635e-44,2.88e-45
4661,1.646e-44,2.88e-45
4662,1.645e-44,2.88e-45
4663,1.604e-44,2.88e-45
4664,1.609e-44,2.88e-45
4665,1.63e-44,2.88e-45
4666,1.652e-44,2.89e-45
4667,1.66e-44,2.89e-45
4668,1.658e-44,2.89e-45
4669,1.684e-44,2.9e-45
4670,1.704e-44,2.9e-45
4671,1.706e-44,2.9e-45
4672,1.711e-44,2.9e-45
4673,1.724e-44,2.91e-45
4674,1.729e-44,2.91e-45
4675,1.732e-44,2.91e-45
4676,1.754e-44,2.92e-45
4677,1.77e-44,2.92e-45
4678,1.769e-44,2.92e-45
4679,1.765e-44,2.92e-45
4680,1.777e-44,2.93e-45
4681,1.789e-44,2.93e-45
4682,1.798e-44,2.93e-45
4683,1.808e-44,2.93e-45
4684,1.813e-44,2.94e-45
4685,1.823e-44,2.94e-45
4686,1.83e-44,2.94e-45
4687,1.843e-44,2.94e-45
4688,1.861e-44,2.95e-45
4689,1.876e-44,2.95e-45
4690,1.874e-44,2.95e-45
4691,1.878e-44,2.95e-45
4692,1.889e-44,2.95e-45
4693,1.89e-44,2.96e-45
4694,1.892e-44,2.96e-45
4695,1.909e-44,2.96e-45
4696,1.916e-44,2.96e-45
4697,1.925e-44,2.97e-45
4698,1.927e-44,2.97e-45
4699,1.917e-44,2.97e-45
4700,1.924e-44,2.97e-45
4701,1.937e-44,2.97e-45
4702,1.93e-44,2.97e-45
4703,1.936e-44,2.97e-45
4704,1.947e-44,2.98e-45
4705,1.954e-44,2.98e-45
4706,1.961e-44,2.98e-45
4707,1.956e-44,2.98e-45
4708,1.949e-44,2.98e-45
4709,1.954e-44,2.98e-45
4710,1.937e-44,2.98e-45
4711,1.933e-44,2.98e-45
4712,1.914e-44,2.97e-45
4713,1.907e-44,2.98e-45
4714,1.947e-44,2.98e-45
4715,1.952e-44,2.98e-45
4716,1.958e-44,2.99e-45
4717,1.95e-44,2.99e-45
4718,1.964e-44,2.99e-45
4719,1.95e-44,2.99e-45
4720,1.956e-44,2.99e-45
4721,1.945e-44,2.99e-45
4722,1.957e-44,2.99e-45
4723,1.949e-44,2.99e-45
4724,1.944e-44,2.98e-45
4725,1.944e-44,2.98e-45
4726,1.936e-44,2.98e-45
4727,1.933e-44,2.98e-45
4728,1.929e-44,2.98e-45
4729,1.92e-44,2.98e-45
4730,1.912e-44,2.98e-45
4731,1.921e-44,2.98e-45
4732,1.921e-44,2.98e-45
4733,1.949e-44,2.98e-45
4734,1.905e-44,2.97e-45
4735,1.882e-44,2.97e-45
4736,1.877e-44,2.97e-45
4737,1.88e-44,2.97e-45
4738,1.872e-44,2.96e-45
4739,1.862e-44,2.96e-45
4740,1.85e-44,2.96e-45
4741,1.85e-44,2.95e-45
4742,1.839e-44,2.95e-45
4743,1.823e-44,2.95e-45
4744,1.826e-44,2.95e-45
4745,1.803e-44,2.94e-45
4746,1.802e-44,2.94e-45
4747,1.792e-44,2.94e-45
4748,1.787e-44,2.94e-45
4749,1.771e-44,2.93e-45
4750,1.761e-44,2.93e-45
4751,1.741e-44,2.92e-45
4752,1.705e-44,2.92e-45
4753,1.724e-44,3.51e-45
4754,1.72e-44,3.24e-45
4755,1.711e-44,3.61e-45
4756,1.652e-44,3.37e-45
4757,1.651e-44,4.1e-45
4758,1.625e-44,3.76e-45
4759,1.614e-44,3.74e-45
4760,1.601e-44,3.68e-45
4761,1.623e-44,3.61e-45
4762,1.608e-44,4.18e-45
4763,1.591e-44,3.63e-45
4764,1.571e-44,4.52e-45
4765,1.551e-44,4.13e-45
4766,1.556e-44,5.72e-45
4767,1.628e-44,4.61e-45
4768,1.772e-44,2.71e-45
4769,1.628e-44,3.57e-45
5599,6e-46,2.25e-45
5600,5.1e-46,2.25e-45
5601,4.1e-46,2.25e-45
5602,1.4e-46,2.24e-45
5603,0,2.24e-45
5604,0,2.24e-45
5605,3e-47,2.24e-45
5606,2.4e-46,2.25e-45
5607,9e-47,2.25e-45
5608,0,2.24e-45
5609,2.4e-46,2.24e-45
5610,1e-46,2.25e-45
5611,2.1e-46,2.24e-45
5612,2.8e-46,2.24e-45
5613,0,2.24e-45
5614,7e-47,2.25e-45
5615,0,2.24e-45
5616,0,2.24e-45
5617,-0,2.25e-45
5618,1.6e-46,2.25e-45
5619,2.6e-46,2.25e-45
5620,0,2.24e-45
5621,1.9e-46,2.25e-45
5622,2.3e-46,2.24e-45
5623,0,2.24e-45
5624,0,2.24e-45
5625,1.8e-46,2.25e-45
5626,2.2e-46,2.25e-45
5627,0,2.24e-45
5628,0,2.24e-45
5629,0,2.24e-45
5630,5e-47,2.24e-45
5631,2.2e-46,2.25e-45
5632,1.9e-46,2.25e-45
5633,1.7e-46,2.24e-45
5634,5.2e-46,2.25e-45
5635,2.5e-46,2.24e-45
5636,2.8e-46,2.24e-45
5637,3.5e-46,2.25e-45
5638,3.3e-46,2.25e-45
5639,0,2.24e-45
5640,2e-47,2.25e-45
5641,3.3e-46,2.24e-45
5642,1.3e-46,2.24e-45
5643,2.6e-46,2.24e-45
5644,1e-46,2.24e-45
5645,0,2.24e-45
5646,7e-47,2.24e-45
5647,5e-47,2.24e-45
5648,0,2.25e-45
5649,0,2.24e-45
5650,2.3e-46,2.25e-45
5651,2.8e-46,2.25e-45
5652,3e-47,2.24e-45
5653,2.4e-46,2.24e-45
5654,8e-47,2.25e-45
5655,2.4e-46,2.25e-45
5656,1.9e-46,2.24e-45
5657,0,2.23e-45
5658,0,2.23e-45
5659,0,2.24e-45
5660,0,2.24e-45
5661,0,2.24e-45
5662,0,2.24e-45
5663,0,2.23e-45
5664,0,2.23e-45
5665,1e-47,2.24e-45
5666,7e-47,2.24e-45
5667,3.5e-46,2.24e-45
5668,2.8e-46,2.24e-45
5669,2.3e-46,2.25e-45
5670,4.2e-46,2.25e-45
5671,0,2.24e-45
5672,0,2.23e-45
5673,0,2.24e-45
5674,0,2.24e-45
5675,8e-47,2.24e-45
5676,2.7e-46,2.24e-45
5677,0,2.23e-45
5678,0,2.24e-45
5679,0,2.24e-45
5680,1.2e-46,2.24e-45
5681,0,2.24e-45
5682,1.1e-46,2.24e-45
5683,0,2.24e-45
5684,0,2.23e-45
5685,0,2.23e-45
5686,0,2.24e-45
5687,2e-47,2.24e-45
5688,1.8e-46,2.24e-45
5689,2.5e-46,2.25e-45
5690,5e-47,2.25e-45
5691,0,2.24e-45
5692,0,2.24e-45
5693,0,2.24e-45
5694,0,2.24e-45
5695,0,2.23e-45
5696,1.6e-46,2.24e-45
5697,0,2.24e-45
5698,0,2.24e-45
5699,6e-47,2.24e-45
5700,2.1e-46,2.25e-45
5701,0,2.24e-45
5702,0,2.24e-45
5703,0,2.23e-45
5704,0,2.23e-45
5705,0,2.24e-45
5706,0,2.24e-45
5707,0,2.24e-45
5708,0,2.24e-45
5709,1e-47,2.24e-45
5710,1.1e-46,2.24e-45
5711,5e-46,2.24e-45
5712,0,2.24e-45
5713,0,2.24e-45
5714,0,2.23e-45
5715,0,2.23e-45
5716,0,2.22e-45
5717,0,2.24e-45
5718,1e-46,2.24e-45
5719,1.5e-46,2.24e-45
5720,0,2.24e-45
5721,0,2.23e-45
5722,0,2.23e-45
5723,0,2.23e-45
5724,1e-47,2.23e-45
5725,9e-47,2.24e-45
5726,0,2.24e-45
5727,0,2.23e-45
5728,0,2.23e-45
5729,0,2.24e-45
5730,0,2.23e-45
5731,0,2.23e-45
5732,0,2.24e-45
5733,0,2.24e-45
5734,0,2.24e-45
5735,1.7e-46,2.25e-45
5736,1.1e-46,2.25e-45
5737,3e-46,2.24e-45
5738,8e-47,2.25e-45
5739,2.7e-46,2.25e-45
5740,0,2.24e-45
5741,0,2.24e-45
5742,0,2.23e-45
5743,0,2.24e-45
5744,4.7e-46,2.25e-45
5745,3e-46,2.24e-45
5746,0,2.23e-45
5747,0,2.23e-45
5748,0,2.24e-45
5749,0,2.23e-45
5750,0,2.23e-45
5751,0,2.24e-45
5752,0,2.24e-45
5753,0,2.24e-45
5754,0,2.23e-45
5755,0,2.23e-45
5756,0,2.23e-45
5757,0,2.24e-45
5758,2.8e-46,2.24e-45
5759,1.9e-46,2.24e-45
5760,0,2.24e-45
5761,0,2.23e-45
5762,0,2.24e-45
5763,0,2.24e-45
5764,0,2.24e-45
5765,4e-47,2.24e-45
5766,0,2.24e-45
5767,0,2.23e-45
5768,0,2.23e-45
5769,0,2.23e-45
5770,3.5e-46,2.25e-45
5771,0,2.24e-45
5772,0,2.23e-45
5773,0,2.23e-45
5774,0,2.23e-45
5775,0,2.23e-45
5776,1.5e-46,2.24e-45
5777,6.5e-46,2.25e-45
5778,0,2.24e-45
5779,0,2.23e-45
5780,0,2.23e-45
5781,1e-47,2.24e-45
5782,0,2.23e-45
5783,0,2.23e-45
5784,0,2.23e-45
5785,0,2.23e-45
5786,0,2.24e-45
5787,1.1e-46,2.24e-45
5788,2.1e-46,2.25e-45
5789,5.1e-46,2.25e-45
5790,0,2.23e-45
5791,0,2.23e-45
5792,0,2.23e-45
5793,0,2.24e-45
5794,0,2.24e-45
5795,0,2.24e-45
5796,1.1e-46,2.24e-45
5797,0,2.24e-45
5798,1e-47,2.24e-45
5799,0,2.23e-45
5800,0,2.23e-45
5801,0,2.24e-45
5802,0,2.23e-45
5803,2e-46,2.23e-45
5804,0,2.23e-45
5805,0,2.24e-45
5806,0,2.24e-45
5807,0,2.23e-45
5808,0,2.23e-45
5809,0,2.23e-45
5810,0,2.23e-45
5811,0,2.24e-45
5812,1.8e-46,2.24e-45
5813,4.1e-46,2.23e-45
5814,0,2.23e-45
5815,0,2.23e-45
5816,0,2.23e-45
5817,0,2.23e-45
5818,0,2.24e-45
5819,4e-47,2.24e-45
5820,2e-46,2.24e-45
5821,0,2.24e-45
5822,0,2.23e-45
5823,0,2.23e-45
5824,0,2.24e-45
5825,0,2.24e-45
5826,0,2.22e-45
5827,0,2.22e-45
5828,0,2.23e-45
5829,0,2.24e-45
5830,0,2.24e-45
5831,0,2.23e-45
5832,0,2.23e-45
5833,0,2.23e-45
5834,0,2.23e-45
5835,0,2.24e-45
5836,0,2.22e-45
5837,0,2.22e-45
5838,0,2.22e-45
5839,0,2.22e-45
5840,0,2.23e-45
5841,0,2.23e-45
5842,0,2.23e-45
5843,0,2.23e-45
5844,0,2.23e-45
5845,0,2.23e-45
5846,0,2.23e-45
5847,0,2.23e-45
5848,0,2.23e-45
5849,0,2.23e-45
5850,0,2.23e-45
5851,1.3e-46,2.24e-45
5852,0,2.24e-45
5853,0,2.23e-45
5854,0,2.23e-45
5855,0,2.22e-45
5856,0,2.22e-45
5857,0,2.23e-45
5858,0,2.23e-45
5859,0,2.23e-45
5860,0,2.23e-45
5861,0,2.23e-45
5862,4e-47,2.24e-45
5863,0,2.24e-45
5864,0,2.23e-45
5865,0,2.23e-45
5866,0,2.22e-45
5867,0,2.22e-45
5868,0,2.23e-45
5869,0,2.23e-45
5870,4e-47,2.23e-45
5871,0,2.23e-45
5872,0,2.23e-45
5873,0,2.23e-45
5874,0,2.23e-45
5875,0,2.23e-45
5876,0,2.23e-45
5877,0,2.22e-45
5878,0,2.23e-45
5879,0,2.23e-45
5880,0,2.23e-45
5881,0,2.23e-45
5882,0,2.22e-45
5883,0,2.23e-45
5884,0,2.23e-45
5885,0,2.23e-45
5886,0,2.23e-45
5887,0,2.23e-45
5888,0,2.23e-45
5889,0,2.23e-45
5890,0,2.23e-45
5891,0,2.23e-45
5892,0,2.23e-45
5893,0,2.23e-45
5894,0,2.23e-45
5895,0,2.22e-45
5896,0,2.22e-45
5897,0,2.22e-45
5898,0,2.23e-45
5899,0,2.23e-45
5900,0,2.23e-45
5901,0,2.22e-45
5902,0,2.22e-45
5903,0,2.22e-45
5904,0,2.23e-45
5905,0,2.23e-45
5906,0,2.23e-45
5907,0,2.24e-45
5908,0,2.23e-45
5909,0,2.22e-45
5910,1.5e-46,2.23e-45
5911,0,2.23e-45
5912,0,2.23e-45
5913,0,2.23e-45
5914,0,2.23e-45
5915,0,2.23e-45
5916,0,2.23e-45
5917,0,2.23e-45
5918,0,2.23e-45
5919,0,2.23e-45
5920,0,2.23e-45
5921,0,2.23e-45
5922,0,2.23e-45
5923,0,2.22e-45
5924,0,2.22e-45
5925,0,2.22e-45
5926,0,2.23e-45
5927,0,2.23e-45
5928,0,2.23e-45
5929,0,2.22e-45
5930,0,2.23e-45
5931,5e-47,2.23e-45
5932,0,2.23e-45
5933,0,2.23e-45
5934,1.5e-46,2.24e-45
5935,0,2.23e-45
5936,0,2.22e-45
5937,0,2.22e-45
5938,0,2.23e-45
5939,0,2.23e-45
5940,0,2.22e-45
5941,0,2.22e-45
5942,0,2.23e-45
5943,0,2.23e-45
5944,0,2.22e-45
5945,0,2.22e-45
5946,0,2.23e-45
5947,0,2.23e-45
5948,0,2.22e-45
5949,0,2.23e-45
5950,0,2.23e-45
5951,0,2.23e-45
5952,0,2.23e-45
5953,0,2.24e-45
5954,0,2.22e-45
5955,0,2.22e-45
5956,0,2.22e-45
5957,0,2.22e-45
5958,0,2.23e-45
5959,0,2.22e-45
5960,0,2.22e-45
5961,0,2.22e-45
5962,0,2.23e-45
