Wavenumber [cm^-1],BACs [cm^5 molecule^-2] T = 349 K,Sistematic errors [cm^5 molecule^-2]
3193,0,8.4e-46
3194,0,8.4e-46
3195,0,8.4e-46
3196,0,8.4e-46
3197,0,8.4e-46
3198,0,8.4e-46
3199,0,8.4e-46
3200,0,8.39e-46
3201,0,8.4e-46
3202,0,8.4e-46
3203,0,8.4e-46
3204,0,8.4e-46
3205,0,8.39e-46
3206,0,8.39e-46
3207,0,8.39e-46
3208,0,8.39e-46
3209,0,8.39e-46
3210,0,8.4e-46
3211,0,8.39e-46
3212,0,8.39e-46
3213,0,8.39e-46
3214,0,8.39e-46
3215,0,8.38e-46
3216,0,8.39e-46
3217,0,8.39e-46
3218,0,8.38e-46
3219,0,8.39e-46
3220,0,8.39e-46
3221,0,8.38e-46
3222,0,8.39e-46
3223,0,8.38e-46
3224,0,8.38e-46
3225,0,8.38e-46
3226,0,8.38e-46
3227,0,8.38e-46
3228,0,8.38e-46
3229,0,8.39e-46
3230,0,8.39e-46
3231,0,8.39e-46
3232,0,8.38e-46
3233,0,8.39e-46
3234,0,8.38e-46
3235,0,8.38e-46
3236,0,8.39e-46
3237,0,8.39e-46
3238,0,8.38e-46
3239,0,8.38e-46
3240,0,8.39e-46
3241,0,8.39e-46
3242,0,8.39e-46
3243,0,8.39e-46
3244,0,8.39e-46
3245,0,8.4e-46
3246,0,8.39e-46
3247,0,8.39e-46
3248,0,8.39e-46
3249,0,8.39e-46
3250,0,8.39e-46
3251,0,8.39e-46
3252,0,8.39e-46
3253,0,8.39e-46
3254,0,8.4e-46
3255,0,8.4e-46
3256,0,8.4e-46
3257,0,8.4e-46
3258,0,8.4e-46
3259,0,8.4e-46
3260,0,8.4e-46
3261,0,8.4e-46
3262,0,8.4e-46
3263,0,8.4e-46
3264,0,8.4e-46
3265,0,8.41e-46
3266,0,8.4e-46
3267,0,8.41e-46
3268,0,8.41e-46
3269,0,8.41e-46
3270,0,8.42e-46
3271,0,8.42e-46
3272,0,8.41e-46
3273,0,8.4e-46
3274,0,8.45e-46
3275,0,8.43e-46
3276,0,8.39e-46
3277,0,8.43e-46
3278,0,8.44e-46
3279,0,8.43e-46
3280,0,8.43e-46
3281,0,8.43e-46
3282,0,8.43e-46
3283,0,8.43e-46
3284,0,8.44e-46
3949,1.094e-44,1.23e-45
3950,1.071e-44,1.22e-45
3951,9.97e-45,1.2e-45
3952,9.59e-45,1.19e-45
3953,9.61e-45,1.19e-45
3954,9.61e-45,1.19e-45
3955,9.74e-45,1.2e-45
3956,9.97e-45,1.21e-45
3957,1.024e-44,1.21e-45
3958,1.027e-44,1.22e-45
3959,1.021e-44,1.22e-45
3960,1.046e-44,1.22e-45
3961,1.104e-44,1.24e-45
3962,1.167e-44,1.26e-45
3963,1.097e-44,1.24e-45
3964,1.078e-44,1.24e-45
3965,1.087e-44,1.24e-45
3966,1.089e-44,1.24e-45
3967,1.093e-44,1.24e-45
3968,1.131e-44,1.26e-45
3969,1.173e-44,1.27e-45
3970,1.178e-44,1.27e-45
3971,1.184e-44,1.27e-45
3972,1.202e-44,1.28e-45
3973,1.219e-44,1.28e-45
3974,1.239e-44,1.29e-45
3975,1.277e-44,1.3e-45
3976,1.305e-44,1.31e-45
3977,1.277e-44,1.31e-45
3978,1.266e-44,1.3e-45
3979,1.278e-44,1.31e-45
3980,1.306e-44,1.32e-45
3981,1.319e-44,1.32e-45
3982,1.341e-44,1.33e-45
3983,1.352e-44,1.33e-45
3984,1.364e-44,1.34e-45
3985,1.384e-44,1.34e-45
3986,1.397e-44,1.35e-45
3987,1.416e-44,1.36e-45
3988,1.435e-44,1.36e-45
3989,1.471e-44,1.37e-45
3990,1.51e-44,1.39e-45
3991,1.524e-44,1.39e-45
3992,1.523e-44,1.39e-45
3993,1.539e-44,1.4e-45
3994,1.565e-44,1.41e-45
3995,1.593e-44,1.42e-45
3996,1.6e-44,1.42e-45
3997,1.614e-44,1.43e-45
3998,1.635e-44,1.43e-45
3999,1.655e-44,1.44e-45
4000,1.675e-44,1.45e-45
4001,1.705e-44,1.46e-45
4002,1.721e-44,1.46e-45
4003,1.748e-44,1.47e-45
4004,1.764e-44,1.48e-45
4005,1.786e-44,1.49e-45
4006,1.809e-44,1.5e-45
4007,1.838e-44,1.5e-45
4008,1.874e-44,1.52e-45
4009,1.901e-44,1.53e-45
4010,1.92e-44,1.53e-45
4011,1.935e-44,1.54e-45
4012,1.959e-44,1.55e-45
4013,1.983e-44,1.56e-45
4014,2.011e-44,1.57e-45
4015,2.04e-44,1.57e-45
4016,2.07e-44,1.59e-45
4017,2.099e-44,1.6e-45
4018,2.128e-44,1.61e-45
4019,2.168e-44,1.62e-45
4020,2.196e-44,1.63e-45
4021,2.231e-44,1.64e-45
4022,2.263e-44,1.65e-45
4023,2.305e-44,1.66e-45
4024,2.348e-44,1.68e-45
4025,2.393e-44,1.69e-45
4026,2.423e-44,1.7e-45
4027,2.461e-44,1.72e-45
4028,2.505e-44,1.73e-45
4029,2.455e-44,1.72e-45
4030,2.46e-44,1.72e-45
4031,2.509e-44,1.74e-45
4032,2.562e-44,1.76e-45
4033,2.594e-44,1.77e-45
4034,2.632e-44,1.78e-45
4035,2.669e-44,1.79e-45
4036,2.704e-44,1.81e-45
4037,2.743e-44,1.82e-45
4038,2.782e-44,1.83e-45
4039,2.82e-44,1.85e-45
4040,2.86e-44,1.86e-45
4041,2.897e-44,1.87e-45
4042,2.94e-44,1.89e-45
4043,2.99e-44,1.9e-45
4044,3.036e-44,1.92e-45
4045,3.081e-44,1.94e-45
4046,3.112e-44,1.94e-45
4047,3.135e-44,1.95e-45
4048,3.18e-44,1.97e-45
4049,3.227e-44,1.99e-45
4050,3.272e-44,2e-45
4051,3.318e-44,2.02e-45
4052,3.357e-44,2.03e-45
4053,3.405e-44,2.05e-45
4054,3.451e-44,2.06e-45
4055,3.493e-44,2.08e-45
4056,3.541e-44,2.09e-45
4057,3.582e-44,2.11e-45
4058,3.622e-44,2.12e-45
4059,3.673e-44,2.14e-45
4060,3.729e-44,2.16e-45
4061,3.775e-44,2.17e-45
4062,3.819e-44,2.19e-45
4063,3.868e-44,2.21e-45
4064,3.919e-44,2.22e-45
4065,3.961e-44,2.24e-45
4066,4.012e-44,2.26e-45
4067,4.077e-44,2.28e-45
4068,4.126e-44,2.29e-45
4069,4.172e-44,2.31e-45
4070,4.223e-44,2.33e-45
4071,4.277e-44,2.35e-45
4072,4.328e-44,2.37e-45
4073,4.384e-44,2.38e-45
4074,4.441e-44,2.4e-45
4075,4.499e-44,2.42e-45
4076,4.552e-44,2.44e-45
4077,4.597e-44,2.46e-45
4078,4.652e-44,2.48e-45
4079,4.712e-44,2.5e-45
4080,4.775e-44,2.52e-45
4081,4.834e-44,2.54e-45
4082,4.89e-44,2.56e-45
4083,4.936e-44,2.57e-45
4084,4.993e-44,2.59e-45
4085,5.043e-44,2.61e-45
4086,5.105e-44,2.63e-45
4087,5.172e-44,2.65e-45
4088,5.233e-44,2.68e-45
4089,5.287e-44,2.69e-45
4090,5.329e-44,2.71e-45
4091,5.384e-44,2.73e-45
4092,5.446e-44,2.75e-45
4093,5.503e-44,2.77e-45
4094,5.563e-44,2.79e-45
4095,5.621e-44,2.81e-45
4096,5.676e-44,2.83e-45
4097,5.733e-44,2.85e-45
4098,5.785e-44,2.87e-45
4099,5.842e-44,2.89e-45
4100,5.898e-44,2.91e-45
4101,5.953e-44,2.93e-45
4102,6.002e-44,2.94e-45
4103,6.06e-44,2.96e-45
4104,6.125e-44,2.98e-45
4105,6.182e-44,3.01e-45
4106,6.237e-44,3.03e-45
4107,6.292e-44,3.04e-45
4108,6.344e-44,3.06e-45
4109,6.398e-44,3.08e-45
4110,6.448e-44,3.1e-45
4111,6.494e-44,3.12e-45
4112,6.548e-44,3.13e-45
4113,6.599e-44,3.15e-45
4114,6.651e-44,3.17e-45
4115,6.705e-44,3.19e-45
4116,6.763e-44,3.21e-45
4117,6.809e-44,3.23e-45
4118,6.854e-44,3.24e-45
4119,6.899e-44,3.26e-45
4120,6.951e-44,3.28e-45
4121,7.004e-44,3.3e-45
4122,7.048e-44,3.31e-45
4123,7.081e-44,3.32e-45
4124,7.11e-44,3.33e-45
4125,7.099e-44,3.32e-45
4126,7.106e-44,3.31e-45
4127,7.211e-44,3.36e-45
4128,7.296e-44,3.4e-45
4129,7.351e-44,3.42e-45
4130,7.396e-44,3.43e-45
4131,7.433e-44,3.45e-45
4132,7.476e-44,3.46e-45
4133,7.518e-44,3.48e-45
4134,7.552e-44,3.49e-45
4135,7.586e-44,3.5e-45
4136,7.624e-44,3.52e-45
4137,7.675e-44,3.53e-45
4138,7.723e-44,3.55e-45
4139,7.756e-44,3.56e-45
4140,7.782e-44,3.57e-45
4141,7.817e-44,3.58e-45
4142,7.834e-44,3.59e-45
4143,7.821e-44,3.57e-45
4144,7.897e-44,3.6e-45
4145,8.004e-44,3.64e-45
4146,8.059e-44,3.66e-45
4147,8.095e-44,3.68e-45
4148,8.124e-44,3.69e-45
4149,8.136e-44,3.69e-45
4150,8.154e-44,3.7e-45
4151,8.162e-44,3.71e-45
4152,8.155e-44,3.71e-45
4153,8.132e-44,3.7e-45
4154,7.966e-44,3.63e-45
4155,7.67e-44,3.47e-45
4156,7.864e-44,3.55e-45
4157,8.124e-44,3.69e-45
4158,8.203e-44,3.72e-45
4159,8.232e-44,3.73e-45
4160,8.206e-44,3.72e-45
4161,8.149e-44,3.69e-45
4162,8.176e-44,3.71e-45
4163,8.192e-44,3.73e-45
4164,8.185e-44,3.73e-45
4165,8.168e-44,3.72e-45
4166,8.154e-44,3.72e-45
4167,8.139e-44,3.72e-45
4168,8.12e-44,3.71e-45
4169,8.104e-44,3.71e-45
4170,8.092e-44,3.71e-45
4171,8.085e-44,3.71e-45
4172,8.073e-44,3.7e-45
4173,8.063e-44,3.7e-45
4174,8.053e-44,3.7e-45
4175,8.039e-44,3.7e-45
4176,8.031e-44,3.69e-45
4177,8.013e-44,3.69e-45
4178,8.004e-44,3.69e-45
4179,7.991e-44,3.68e-45
4180,7.97e-44,3.68e-45
4181,7.943e-44,3.67e-45
4182,7.939e-44,3.67e-45
4183,7.928e-44,3.67e-45
4184,7.907e-44,3.66e-45
4185,7.883e-44,3.65e-45
4186,7.864e-44,3.65e-45
4187,7.857e-44,3.65e-45
4188,7.841e-44,3.64e-45
4189,7.811e-44,3.63e-45
4190,7.768e-44,3.62e-45
4191,7.73e-44,3.61e-45
4192,7.702e-44,3.6e-45
4193,7.681e-44,3.59e-45
4194,7.645e-44,3.58e-45
4195,7.602e-44,3.57e-45
4196,7.562e-44,3.56e-45
4197,7.532e-44,3.55e-45
4198,7.507e-44,3.54e-45
4199,7.467e-44,3.53e-45
4200,7.429e-44,3.52e-45
4201,7.402e-44,3.51e-45
4202,7.353e-44,3.49e-45
4203,7.317e-44,3.48e-45
4204,7.284e-44,3.47e-45
4205,7.248e-44,3.46e-45
4206,7.209e-44,3.45e-45
4207,7.165e-44,3.44e-45
4208,7.132e-44,3.42e-45
4209,7.087e-44,3.41e-45
4210,7.04e-44,3.4e-45
4211,7.003e-44,3.39e-45
4212,6.961e-44,3.37e-45
4213,6.922e-44,3.36e-45
4214,6.891e-44,3.35e-45
4215,6.847e-44,3.34e-45
4216,6.8e-44,3.32e-45
4217,6.754e-44,3.31e-45
4218,6.698e-44,3.29e-45
4219,6.663e-44,3.28e-45
4220,6.62e-44,3.27e-45
4221,6.562e-44,3.25e-45
4222,6.526e-44,3.24e-45
4223,6.481e-44,3.22e-45
4224,6.439e-44,3.21e-45
4225,6.401e-44,3.2e-45
4226,6.359e-44,3.18e-45
4227,6.313e-44,3.17e-45
4228,6.27e-44,3.15e-45
4229,6.217e-44,3.14e-45
4230,6.177e-44,3.13e-45
4231,6.128e-44,3.11e-45
4232,6.081e-44,3.1e-45
4233,6.034e-44,3.08e-45
4234,5.992e-44,3.07e-45
4235,5.952e-44,3.05e-45
4236,5.899e-44,3.04e-45
4237,5.854e-44,3.02e-45
4238,5.814e-44,3.01e-45
4239,5.765e-44,3e-45
4240,5.729e-44,2.98e-45
4241,5.694e-44,2.97e-45
4242,5.643e-44,2.96e-45
4243,5.599e-44,2.94e-45
4244,5.544e-44,2.93e-45
4245,5.513e-44,2.92e-45
4246,5.473e-44,2.9e-45
4247,5.434e-44,2.89e-45
4248,5.385e-44,2.87e-45
4249,5.345e-44,2.86e-45
4250,5.312e-44,2.85e-45
4251,5.269e-44,2.84e-45
4252,5.223e-44,2.82e-45
4253,5.179e-44,2.81e-45
4254,5.142e-44,2.8e-45
4255,5.09e-44,2.78e-45
4256,5.058e-44,2.77e-45
4257,5.027e-44,2.76e-45
4258,5.003e-44,2.75e-45
4259,4.977e-44,2.74e-45
4260,4.928e-44,2.72e-45
4261,4.878e-44,2.71e-45
4262,4.829e-44,2.69e-45
4263,4.785e-44,2.68e-45
4264,4.738e-44,2.67e-45
4265,4.71e-44,2.66e-45
4266,4.677e-44,2.64e-45
4267,4.638e-44,2.63e-45
4268,4.595e-44,2.62e-45
4269,4.559e-44,2.61e-45
4270,4.521e-44,2.6e-45
4271,4.492e-44,2.58e-45
4272,4.458e-44,2.57e-45
4273,4.425e-44,2.56e-45
4274,4.388e-44,2.55e-45
4275,4.351e-44,2.54e-45
4276,4.322e-44,2.53e-45
4277,4.288e-44,2.52e-45
4278,4.252e-44,2.51e-45
4279,4.218e-44,2.49e-45
4280,4.19e-44,2.48e-45
4281,4.154e-44,2.47e-45
4282,4.118e-44,2.46e-45
4283,4.086e-44,2.45e-45
4284,4.051e-44,2.44e-45
4285,4.026e-44,2.43e-45
4286,3.999e-44,2.42e-45
4287,3.971e-44,2.41e-45
4288,3.931e-44,2.4e-45
4289,3.902e-44,2.39e-45
4290,3.864e-44,2.38e-45
4291,3.834e-44,2.37e-45
4292,3.809e-44,2.36e-45
4293,3.783e-44,2.35e-45
4294,3.763e-44,2.34e-45
4295,3.725e-44,2.33e-45
4296,3.695e-44,2.32e-45
4297,3.676e-44,2.31e-45
4298,3.646e-44,2.3e-45
4299,3.618e-44,2.29e-45
4300,3.584e-44,2.28e-45
4301,3.562e-44,2.28e-45
4302,3.534e-44,2.27e-45
4303,3.51e-44,2.26e-45
4304,3.482e-44,2.25e-45
4305,3.454e-44,2.24e-45
4306,3.425e-44,2.23e-45
4307,3.406e-44,2.22e-45
4308,3.387e-44,2.21e-45
4309,3.355e-44,2.2e-45
4310,3.331e-44,2.2e-45
4311,3.305e-44,2.19e-45
4312,3.274e-44,2.18e-45
4313,3.259e-44,2.17e-45
4314,3.227e-44,2.16e-45
4315,3.203e-44,2.16e-45
4316,3.183e-44,2.15e-45
4317,3.168e-44,2.14e-45
4318,3.144e-44,2.13e-45
4319,3.115e-44,2.12e-45
4320,3.095e-44,2.12e-45
4321,3.077e-44,2.11e-45
4322,3.052e-44,2.1e-45
4323,3.029e-44,2.09e-45
4324,3.009e-44,2.09e-45
4325,2.984e-44,2.08e-45
4326,2.966e-44,2.07e-45
4327,2.941e-44,2.06e-45
4328,2.924e-44,2.06e-45
4329,2.909e-44,2.05e-45
4330,2.883e-44,2.04e-45
4331,2.873e-44,2.04e-45
4332,2.853e-44,2.03e-45
4333,2.83e-44,2.02e-45
4334,2.813e-44,2.02e-45
4335,2.788e-44,2.01e-45
4336,2.766e-44,2e-45
4337,2.756e-44,2e-45
4338,2.732e-44,1.99e-45
4339,2.717e-44,1.98e-45
4340,2.702e-44,1.98e-45
4341,2.681e-44,1.97e-45
4342,2.664e-44,1.96e-45
4343,2.635e-44,1.96e-45
4344,2.622e-44,1.95e-45
4345,2.609e-44,1.95e-45
4346,2.593e-44,1.94e-45
4347,2.57e-44,1.93e-45
4348,2.549e-44,1.93e-45
4349,2.532e-44,1.92e-45
4350,2.52e-44,1.92e-45
4351,2.503e-44,1.91e-45
4352,2.493e-44,1.9e-45
4353,2.474e-44,1.9e-45
4354,2.461e-44,1.89e-45
4355,2.453e-44,1.89e-45
4356,2.436e-44,1.88e-45
4357,2.409e-44,1.88e-45
4358,2.392e-44,1.87e-45
4359,2.377e-44,1.87e-45
4360,2.369e-44,1.86e-45
4361,2.35e-44,1.85e-45
4362,2.334e-44,1.85e-45
4363,2.325e-44,1.85e-45
4364,2.313e-44,1.84e-45
4365,2.3e-44,1.84e-45
4366,2.282e-44,1.83e-45
4367,2.268e-44,1.83e-45
4368,2.261e-44,1.82e-45
4369,2.247e-44,1.82e-45
4370,2.229e-44,1.81e-45
4371,2.217e-44,1.81e-45
4372,2.203e-44,1.8e-45
4373,2.188e-44,1.8e-45
4374,2.189e-44,1.79e-45
4375,2.176e-44,1.79e-45
4376,2.16e-44,1.79e-45
4377,2.152e-44,1.78e-45
4378,2.14e-44,1.78e-45
4379,2.127e-44,1.77e-45
4380,2.112e-44,1.77e-45
4381,2.095e-44,1.77e-45
4382,2.077e-44,1.76e-45
4383,2.074e-44,1.76e-45
4384,2.065e-44,1.75e-45
4385,2.058e-44,1.75e-45
4386,2.04e-44,1.74e-45
4387,2.036e-44,1.74e-45
4388,2.026e-44,1.74e-45
4389,2.014e-44,1.74e-45
4390,2.001e-44,1.73e-45
4391,2.003e-44,1.73e-45
4392,1.996e-44,1.73e-45
4393,1.982e-44,1.72e-45
4394,1.971e-44,1.72e-45
4395,1.956e-44,1.71e-45
4396,1.953e-44,1.71e-45
4397,1.94e-44,1.71e-45
4398,1.933e-44,1.7e-45
4399,1.927e-44,1.7e-45
4400,1.922e-44,1.7e-45
4401,1.917e-44,1.7e-45
4402,1.904e-44,1.69e-45
4403,1.9e-44,1.69e-45
4404,1.883e-44,1.69e-45
4405,1.871e-44,1.68e-45
4406,1.868e-44,1.68e-45
4407,1.857e-44,1.68e-45
4408,1.862e-44,1.68e-45
4409,1.853e-44,1.67e-45
4410,1.85e-44,1.67e-45
4411,1.842e-44,1.67e-45
4412,1.834e-44,1.67e-45
4413,1.817e-44,1.66e-45
4414,1.823e-44,1.66e-45
4415,1.813e-44,1.66e-45
4416,1.811e-44,1.66e-45
4417,1.806e-44,1.66e-45
4418,1.8e-44,1.65e-45
4419,1.79e-44,1.65e-45
4420,1.784e-44,1.65e-45
4421,1.781e-44,1.65e-45
4422,1.789e-44,1.65e-45
4423,1.779e-44,1.64e-45
4424,1.764e-44,1.64e-45
4425,1.755e-44,1.64e-45
4426,1.756e-44,1.64e-45
4427,1.758e-44,1.64e-45
4428,1.754e-44,1.63e-45
4429,1.762e-44,1.63e-45
4430,1.762e-44,1.63e-45
4431,1.753e-44,1.63e-45
4432,1.745e-44,1.63e-45
4433,1.733e-44,1.63e-45
4434,1.741e-44,1.63e-45
4435,1.722e-44,1.62e-45
4436,1.724e-44,1.62e-45
4437,1.717e-44,1.62e-45
4438,1.721e-44,1.62e-45
4439,1.724e-44,1.62e-45
4440,1.714e-44,1.62e-45
4441,1.713e-44,1.62e-45
4442,1.709e-44,1.61e-45
4443,1.706e-44,1.61e-45
4444,1.698e-44,1.61e-45
4445,1.698e-44,1.61e-45
4446,1.704e-44,1.61e-45
4447,1.7e-44,1.61e-45
4448,1.694e-44,1.61e-45
4449,1.69e-44,1.61e-45
4450,1.687e-44,1.61e-45
4451,1.682e-44,1.6e-45
4452,1.683e-44,1.6e-45
4453,1.675e-44,1.6e-45
4454,1.673e-44,1.6e-45
4455,1.663e-44,1.6e-45
4456,1.667e-44,1.6e-45
4457,1.671e-44,1.6e-45
4458,1.663e-44,1.6e-45
4459,1.66e-44,1.6e-45
4460,1.666e-44,1.6e-45
4461,1.667e-44,1.6e-45
4462,1.651e-44,1.59e-45
4463,1.646e-44,1.59e-45
4464,1.646e-44,1.59e-45
4465,1.653e-44,1.59e-45
4466,1.661e-44,1.59e-45
4467,1.658e-44,1.59e-45
4468,1.644e-44,1.59e-45
4469,1.642e-44,1.59e-45
4470,1.649e-44,1.59e-45
4471,1.646e-44,1.59e-45
4472,1.635e-44,1.58e-45
4473,1.636e-44,1.58e-45
4474,1.646e-44,1.58e-45
4475,1.633e-44,1.58e-45
4476,1.635e-44,1.58e-45
4477,1.639e-44,1.58e-45
4478,1.635e-44,1.58e-45
4479,1.627e-44,1.58e-45
4480,1.623e-44,1.58e-45
4481,1.627e-44,1.58e-45
4482,1.615e-44,1.58e-45
4483,1.619e-44,1.58e-45
4484,1.627e-44,1.58e-45
4485,1.608e-44,1.57e-45
4486,1.602e-44,1.57e-45
4487,1.605e-44,1.57e-45
4488,1.594e-44,1.57e-45
4489,1.594e-44,1.57e-45
4490,1.596e-44,1.57e-45
4491,1.599e-44,1.57e-45
4492,1.602e-44,1.57e-45
4493,1.595e-44,1.56e-45
4494,1.572e-44,1.56e-45
4495,1.574e-44,1.56e-45
4496,1.575e-44,1.56e-45
4497,1.574e-44,1.56e-45
4498,1.564e-44,1.56e-45
4499,1.575e-44,1.56e-45
4500,1.565e-44,1.55e-45
4501,1.562e-44,1.56e-45
4502,1.56e-44,1.55e-45
4503,1.56e-44,1.55e-45
4504,1.561e-44,1.55e-45
4505,1.551e-44,1.55e-45
4506,1.548e-44,1.55e-45
4507,1.538e-44,1.55e-45
4508,1.539e-44,1.55e-45
4509,1.533e-44,1.54e-45
4510,1.529e-44,1.54e-45
4511,1.523e-44,1.54e-45
4512,1.527e-44,1.54e-45
4513,1.522e-44,1.54e-45
4514,1.518e-44,1.54e-45
4515,1.52e-44,1.54e-45
4516,1.515e-44,1.54e-45
4517,1.503e-44,1.53e-45
4518,1.497e-44,1.53e-45
4519,1.485e-44,1.53e-45
4520,1.493e-44,1.53e-45
4521,1.483e-44,1.52e-45
4522,1.482e-44,1.52e-45
4523,1.47e-44,1.52e-45
4524,1.478e-44,1.52e-45
4525,1.474e-44,1.52e-45
4526,1.464e-44,1.52e-45
4527,1.46e-44,1.51e-45
4528,1.443e-44,1.51e-45
4529,1.436e-44,1.51e-45
4530,1.426e-44,1.51e-45
4531,1.427e-44,1.5e-45
4532,1.425e-44,1.5e-45
4533,1.42e-44,1.5e-45
4534,1.416e-44,1.5e-45
4535,1.413e-44,1.5e-45
4536,1.398e-44,1.49e-45
4537,1.391e-44,1.49e-45
4538,1.391e-44,1.49e-45
4539,1.388e-44,1.49e-45
4540,1.382e-44,1.49e-45
4541,1.371e-44,1.48e-45
4542,1.362e-44,1.48e-45
4543,1.364e-44,1.48e-45
4544,1.367e-44,1.48e-45
4545,1.354e-44,1.48e-45
4546,1.345e-44,1.48e-45
4547,1.334e-44,1.47e-45
4548,1.338e-44,1.47e-45
4549,1.337e-44,1.47e-45
4550,1.329e-44,1.47e-45
4551,1.322e-44,1.47e-45
4552,1.316e-44,1.47e-45
4553,1.313e-44,1.46e-45
4554,1.311e-44,1.46e-45
4555,1.304e-44,1.46e-45
4556,1.303e-44,1.46e-45
4557,1.301e-44,1.46e-45
4558,1.296e-44,1.46e-45
4559,1.283e-44,1.46e-45
4560,1.27e-44,1.45e-45
4561,1.262e-44,1.45e-45
4562,1.271e-44,1.45e-45
4563,1.276e-44,1.45e-45
4564,1.277e-44,1.45e-45
4565,1.281e-44,1.45e-45
4566,1.274e-44,1.45e-45
4567,1.258e-44,1.45e-45
4568,1.252e-44,1.44e-45
4569,1.252e-44,1.44e-45
4570,1.242e-44,1.44e-45
4571,1.251e-44,1.44e-45
4572,1.257e-44,1.44e-45
4573,1.253e-44,1.44e-45
4574,1.261e-44,1.44e-45
4575,1.245e-44,1.44e-45
4576,1.23e-44,1.44e-45
4577,1.241e-44,1.44e-45
4578,1.236e-44,1.44e-45
4579,1.226e-44,1.43e-45
4580,1.222e-44,1.43e-45
4581,1.219e-44,1.43e-45
4582,1.223e-44,1.43e-45
4583,1.227e-44,1.43e-45
4584,1.216e-44,1.43e-45
4585,1.23e-44,1.43e-45
4586,1.227e-44,1.43e-45
4587,1.218e-44,1.43e-45
4588,1.219e-44,1.43e-45
4589,1.212e-44,1.43e-45
4590,1.218e-44,1.43e-45
4591,1.229e-44,1.43e-45
4592,1.235e-44,1.43e-45
4593,1.222e-44,1.43e-45
4594,1.225e-44,1.43e-45
4595,1.222e-44,1.43e-45
4596,1.223e-44,1.43e-45
4597,1.215e-44,1.43e-45
4598,1.224e-44,1.43e-45
4599,1.236e-44,1.43e-45
4600,1.232e-44,1.43e-45
4601,1.226e-44,1.43e-45
4602,1.244e-44,1.44e-45
4603,1.243e-44,1.44e-45
4604,1.231e-44,1.44e-45
4605,1.238e-44,1.44e-45
4606,1.248e-44,1.44e-45
4607,1.236e-44,1.44e-45
4608,1.226e-44,1.44e-45
4609,1.236e-44,1.44e-45
4610,1.241e-44,1.44e-45
4611,1.254e-44,1.44e-45
4612,1.273e-44,1.45e-45
4613,1.281e-44,1.45e-45
4614,1.273e-44,1.45e-45
4615,1.27e-44,1.45e-45
4616,1.275e-44,1.45e-45
4617,1.277e-44,1.45e-45
4618,1.278e-44,1.45e-45
4619,1.286e-44,1.45e-45
4620,1.291e-44,1.46e-45
4621,1.299e-44,1.46e-45
4622,1.306e-44,1.46e-45
4623,1.307e-44,1.46e-45
4624,1.301e-44,1.46e-45
4625,1.304e-44,1.46e-45
4626,1.316e-44,1.47e-45
4627,1.329e-44,1.47e-45
4628,1.336e-44,1.47e-45
4629,1.342e-44,1.48e-45
4630,1.347e-44,1.48e-45
4631,1.352e-44,1.48e-45
4632,1.354e-44,1.48e-45
4633,1.364e-44,1.48e-45
4634,1.365e-44,1.48e-45
4635,1.361e-44,1.49e-45
4636,1.366e-44,1.49e-45
4637,1.384e-44,1.49e-45
4638,1.386e-44,1.5e-45
4639,1.373e-44,1.5e-45
4640,1.392e-44,1.5e-45
4641,1.404e-44,1.5e-45
4642,1.41e-44,1.51e-45
4643,1.422e-44,1.51e-45
4644,1.424e-44,1.51e-45
4645,1.436e-44,1.52e-45
4646,1.445e-44,1.52e-45
4647,1.46e-44,1.52e-45
4648,1.476e-44,1.53e-45
4649,1.493e-44,1.53e-45
4650,1.491e-44,1.54e-45
4651,1.491e-44,1.54e-45
4652,1.524e-44,1.55e-45
4653,1.539e-44,1.55e-45
4654,1.555e-44,1.56e-45
4655,1.565e-44,1.56e-45
4656,1.578e-44,1.57e-45
4657,1.583e-44,1.57e-45
4658,1.592e-44,1.57e-45
4659,1.597e-44,1.58e-45
4660,1.599e-44,1.58e-45
4661,1.626e-44,1.58e-45
4662,1.628e-44,1.59e-45
4663,1.618e-44,1.59e-45
4664,1.622e-44,1.59e-45
4665,1.646e-44,1.59e-45
4666,1.671e-44,1.6e-45
4667,1.67e-44,1.61e-45
4668,1.678e-44,1.61e-45
4669,1.696e-44,1.61e-45
4670,1.719e-44,1.62e-45
4671,1.739e-44,1.63e-45
4672,1.733e-44,1.63e-45
4673,1.743e-44,1.63e-45
4674,1.756e-44,1.64e-45
4675,1.772e-44,1.64e-45
4676,1.768e-44,1.64e-45
4677,1.794e-44,1.65e-45
4678,1.811e-44,1.65e-45
4679,1.797e-44,1.66e-45
4680,1.81e-44,1.66e-45
4681,1.832e-44,1.67e-45
4682,1.85e-44,1.67e-45
4683,1.867e-44,1.68e-45
4684,1.883e-44,1.68e-45
4685,1.88e-44,1.68e-45
4686,1.905e-44,1.69e-45
4687,1.913e-44,1.69e-45
4688,1.913e-44,1.69e-45
4689,1.934e-44,1.7e-45
4690,1.944e-44,1.7e-45
4691,1.96e-44,1.71e-45
4692,1.96e-44,1.71e-45
4693,1.976e-44,1.71e-45
4694,1.987e-44,1.72e-45
4695,2.004e-44,1.72e-45
4696,2.01e-44,1.73e-45
4697,2.015e-44,1.73e-45
4698,2.018e-44,1.73e-45
4699,2.025e-44,1.73e-45
4700,2.046e-44,1.74e-45
4701,2.05e-44,1.74e-45
4702,2.037e-44,1.74e-45
4703,2.035e-44,1.74e-45
4704,2.051e-44,1.75e-45
4705,2.063e-44,1.75e-45
4706,2.077e-44,1.75e-45
4707,2.075e-44,1.75e-45
4708,2.062e-44,1.75e-45
4709,2.053e-44,1.76e-45
4710,2.048e-44,1.75e-45
4711,2.049e-44,1.75e-45
4712,2.015e-44,1.74e-45
4713,2.027e-44,1.75e-45
4714,2.077e-44,1.76e-45
4715,2.08e-44,1.76e-45
4716,2.082e-44,1.77e-45
4717,2.08e-44,1.77e-45
4718,2.075e-44,1.77e-45
4719,2.068e-44,1.77e-45
4720,2.081e-44,1.77e-45
4721,2.078e-44,1.77e-45
4722,2.089e-44,1.77e-45
4723,2.091e-44,1.77e-45
4724,2.088e-44,1.77e-45
4725,2.079e-44,1.77e-45
4726,2.071e-44,1.77e-45
4727,2.067e-44,1.77e-45
4728,2.07e-44,1.77e-45
4729,2.055e-44,1.76e-45
4730,2.05e-44,1.76e-45
4731,2.052e-44,1.76e-45
4732,2.053e-44,1.76e-45
4733,2.051e-44,1.76e-45
4734,2.024e-44,1.75e-45
4735,2.011e-44,1.75e-45
4736,2.013e-44,1.75e-45
4737,2.016e-44,1.75e-45
4738,2.007e-44,1.74e-45
4739,2.002e-44,1.74e-45
4740,1.99e-44,1.74e-45
4741,1.975e-44,1.73e-45
4742,1.957e-44,1.73e-45
4743,1.961e-44,1.73e-45
4744,1.958e-44,1.72e-45
4745,1.947e-44,1.72e-45
4746,1.934e-44,1.72e-45
4747,1.913e-44,1.71e-45
4748,1.908e-44,1.71e-45
4749,1.885e-44,1.7e-45
4750,1.883e-44,1.7e-45
4751,1.876e-44,1.7e-45
4752,1.854e-44,1.77e-45
4753,1.856e-44,1.78e-45
4754,1.861e-44,1.94e-45
4755,1.836e-44,1.93e-45
4756,1.821e-44,2.12e-45
4757,1.8e-44,2.12e-45
4758,1.788e-44,2.24e-45
4759,1.767e-44,2.23e-45
4760,1.752e-44,2.09e-45
4761,1.751e-44,2.32e-45
4762,1.741e-44,2.12e-45
4763,1.735e-44,2.38e-45
4764,1.725e-44,2.18e-45
4765,1.723e-44,2.79e-45
4766,1.714e-44,2.43e-45
4767,1.753e-44,2.11e-45
4768,1.833e-44,2.19e-45
4769,1.749e-44,2.17e-45
5599,0,8.47e-46
5600,0,8.44e-46
5601,0,8.43e-46
5602,0,8.41e-46
5603,0,8.44e-46
5604,0,8.44e-46
5605,0,8.41e-46
5606,0,8.44e-46
5607,0,8.41e-46
5608,0,8.38e-46
5609,0,8.42e-46
5610,0,8.41e-46
5611,0,8.43e-46
5612,0,8.42e-46
5613,0,8.38e-46
5614,0,8.41e-46
5615,0,8.42e-46
5616,0,8.4e-46
5617,0,8.4e-46
5618,0,8.4e-46
5619,0,8.4e-46
5620,0,8.41e-46
5621,0,8.4e-46
5622,0,8.36e-46
5623,0,8.4e-46
5624,0,8.4e-46
5625,0,8.41e-46
5626,0,8.43e-46
5627,0,8.38e-46
5628,0,8.39e-46
5629,0,8.43e-46
5630,0,8.41e-46
5631,0,8.4e-46
5632,0,8.4e-46
5633,0,8.43e-46
5634,0,8.37e-46
5635,0,8.38e-46
5636,0,8.4e-46
5637,0,8.4e-46
5638,0,8.39e-46
5639,0,8.42e-46
5640,0,8.45e-46
5641,0,8.46e-46
5642,0,8.4e-46
5643,0,8.38e-46
5644,0,8.4e-46
5645,0,8.38e-46
5646,0,8.4e-46
5647,0,8.39e-46
5648,0,8.35e-46
5649,0,8.38e-46
5650,0,8.42e-46
5651,0,8.43e-46
5652,0,8.45e-46
5653,0,8.39e-46
5654,0,8.4e-46
5655,0,8.38e-46
5656,0,8.39e-46
5657,0,8.4e-46
5658,0,8.38e-46
5659,0,8.44e-46
5660,0,8.43e-46
5661,0,8.42e-46
5662,0,8.41e-46
5663,0,8.37e-46
5664,0,8.39e-46
5665,0,8.41e-46
5666,0,8.42e-46
5667,0,8.41e-46
5668,0,8.41e-46
5669,0,8.39e-46
5670,0,8.36e-46
5671,0,8.39e-46
5672,0,8.39e-46
5673,0,8.45e-46
5674,0,8.43e-46
5675,0,8.45e-46
5676,0,8.39e-46
5677,0,8.37e-46
5678,0,8.4e-46
5679,0,8.39e-46
5680,0,8.4e-46
5681,0,8.42e-46
5682,0,8.4e-46
5683,0,8.41e-46
5684,0,8.38e-46
5685,0,8.39e-46
5686,0,8.4e-46
5687,0,8.39e-46
5688,0,8.35e-46
5689,0,8.36e-46
5690,0,8.38e-46
5691,0,8.41e-46
5692,0,8.42e-46
5693,0,8.41e-46
5694,0,8.39e-46
5695,0,8.39e-46
5696,0,8.36e-46
5697,0,8.41e-46
5698,0,8.44e-46
5699,0,8.43e-46
5700,0,8.34e-46
5701,0,8.35e-46
5702,0,8.43e-46
5703,0,8.41e-46
5704,0,8.4e-46
5705,0,8.42e-46
5706,0,8.41e-46
5707,0,8.36e-46
5708,0,8.36e-46
5709,0,8.39e-46
5710,0,8.39e-46
5711,0,8.4e-46
5712,0,8.41e-46
5713,0,8.42e-46
5714,0,8.42e-46
5715,0,8.33e-46
5716,0,8.38e-46
5717,0,8.39e-46
5718,0,8.35e-46
5719,0,8.38e-46
5720,0,8.41e-46
5721,0,8.42e-46
5722,0,8.38e-46
5723,0,8.37e-46
5724,0,8.41e-46
5725,0,8.38e-46
5726,0,8.35e-46
5727,0,8.36e-46
5728,0,8.4e-46
5729,0,8.44e-46
5730,0,8.37e-46
5731,0,8.37e-46
5732,0,8.36e-46
5733,0,8.39e-46
5734,0,8.42e-46
5735,0,8.41e-46
5736,0,8.44e-46
5737,0,8.4e-46
5738,0,8.39e-46
5739,0,8.4e-46
5740,0,8.38e-46
5741,0,8.4e-46
5742,0,8.36e-46
5743,0,8.39e-46
5744,0,8.4e-46
5745,0,8.37e-46
5746,0,8.34e-46
5747,0,8.34e-46
5748,0,8.33e-46
5749,0,8.36e-46
5750,0,8.43e-46
5751,0,8.39e-46
5752,0,8.41e-46
5753,0,8.39e-46
5754,0,8.37e-46
5755,0,8.4e-46
5756,0,8.36e-46
5757,0,8.3e-46
5758,0,8.43e-46
5759,0,8.42e-46
5760,0,8.38e-46
5761,0,8.4e-46
5762,0,8.37e-46
5763,0,8.4e-46
5764,0,8.41e-46
5765,0,8.41e-46
5766,0,8.44e-46
5767,0,8.37e-46
5768,0,8.4e-46
5769,0,8.45e-46
5770,0,8.39e-46
5771,0,8.41e-46
5772,0,8.36e-46
5773,0,8.39e-46
5774,0,8.38e-46
5775,0,8.39e-46
5776,0,8.4e-46
5777,0,8.35e-46
5778,0,8.39e-46
5779,0,8.43e-46
5780,0,8.4e-46
5781,0,8.41e-46
5782,0,8.41e-46
5783,0,8.39e-46
5784,0,8.36e-46
5785,0,8.41e-46
5786,0,8.38e-46
5787,0,8.38e-46
5788,0,8.37e-46
5789,0,8.38e-46
5790,0,8.4e-46
5791,0,8.39e-46
5792,0,8.4e-46
5793,0,8.36e-46
5794,0,8.36e-46
5795,0,8.36e-46
5796,0,8.41e-46
5797,0,8.41e-46
5798,0,8.36e-46
5799,0,8.36e-46
5800,0,8.39e-46
5801,0,8.39e-46
5802,0,8.39e-46
5803,0,8.39e-46
5804,0,8.42e-46
5805,0,8.43e-46
5806,0,8.4e-46
5807,0,8.41e-46
5808,0,8.41e-46
5809,0,8.4e-46
5810,0,8.4e-46
5811,0,8.39e-46
5812,0,8.36e-46
5813,0,8.35e-46
5814,0,8.4e-46
5815,0,8.37e-46
5816,0,8.38e-46
5817,4.7e-47,8.45e-46
5818,0,8.39e-46
5819,0,8.44e-46
5820,1.58e-46,8.43e-46
5821,0,8.36e-46
5822,0,8.38e-46
5823,0,8.37e-46
5824,0,8.35e-46
5825,0,8.35e-46
5826,0,8.37e-46
5827,1.38e-46,8.46e-46
5828,1.1e-47,8.41e-46
5829,0,8.36e-46
5830,0,8.4e-46
5831,0,8.39e-46
5832,0,8.4e-46
5833,0,8.39e-46
5834,0,8.39e-46
5835,0,8.39e-46
5836,0,8.35e-46
5837,0,8.39e-46
5838,0,8.42e-46
5839,0,8.37e-46
5840,0,8.4e-46
5841,0,8.4e-46
5842,0,8.37e-46
5843,0,8.43e-46
5844,0,8.38e-46
5845,0,8.39e-46
5846,0,8.41e-46
5847,0,8.39e-46
5848,0,8.32e-46
5849,0,8.39e-46
5850,0,8.42e-46
5851,0,8.35e-46
5852,0,8.36e-46
5853,0,8.42e-46
5854,0,8.39e-46
5855,0,8.4e-46
5856,0,8.4e-46
5857,0,8.38e-46
5858,0,8.37e-46
5859,0,8.38e-46
5860,0,8.39e-46
5861,0,8.38e-46
5862,0,8.41e-46
5863,0,8.33e-46
5864,0,8.35e-46
5865,0,8.42e-46
5866,0,8.43e-46
5867,0,8.38e-46
5868,0,8.38e-46
5869,5.7e-47,8.39e-46
5870,1.37e-46,8.44e-46
5871,6.8e-47,8.42e-46
5872,0,8.29e-46
5873,0,8.33e-46
5874,0,8.37e-46
5875,0,8.4e-46
5876,1.55e-46,8.42e-46
5877,2.1e-46,8.4e-46
5878,0,8.41e-46
5879,1.85e-46,8.43e-46
5880,8.2e-47,8.41e-46
5881,0,8.35e-46
5882,0,8.33e-46
5883,0,8.38e-46
5884,0,8.4e-46
5885,0,8.39e-46
5886,0,8.36e-46
5887,0,8.35e-46
5888,0,8.36e-46
5889,0,8.38e-46
5890,0,8.4e-46
5891,0,8.39e-46
5892,3.6e-47,8.42e-46
5893,0,8.37e-46
5894,0,8.33e-46
5895,0,8.39e-46
5896,5.4e-47,8.43e-46
5897,0,8.38e-46
5898,0,8.39e-46
5899,8.8e-47,8.41e-46
5900,9.3e-47,8.41e-46
5901,0,8.42e-46
5902,1.48e-46,8.45e-46
5903,1.68e-46,8.41e-46
5904,0,8.37e-46
5905,0,8.37e-46
5906,0,8.31e-46
5907,0,8.33e-46
5908,0,8.35e-46
5909,0,8.38e-46
5910,0,8.42e-46
5911,2.6e-47,8.43e-46
5912,0,8.38e-46
5913,9.7e-47,8.39e-46
5914,0,8.39e-46
5915,0,8.37e-46
5916,7.1e-47,8.39e-46
5917,0,8.38e-46
5918,0,8.35e-46
5919,0,8.38e-46
5920,2e-46,8.43e-46
5921,0,8.38e-46
5922,0,8.39e-46
5923,0,8.39e-46
5924,0,8.35e-46
5925,0,8.33e-46
5926,0,8.35e-46
5927,1.16e-46,8.37e-46
5928,0,8.39e-46
5929,2.65e-46,8.45e-46
5930,0,8.39e-46
5931,0,8.34e-46
5932,0,8.36e-46
5933,0,8.43e-46
5934,0,8.41e-46
5935,0,8.41e-46
5936,0,8.38e-46
5937,0,8.38e-46
5938,4.36e-46,8.43e-46
5939,0,8.35e-46
5940,0,8.39e-46
5941,3.3e-47,8.45e-46
5942,0,8.41e-46
5943,0,8.41e-46
5944,0,8.35e-46
5945,0,8.37e-46
5946,0,8.4e-46
5947,0,8.35e-46
5948,0,8.37e-46
5949,0,8.34e-46
5950,0,8.38e-46
5951,0,8.41e-46
5952,0,8.37e-46
5953,0,8.44e-46
5954,1.43e-46,8.44e-46
5955,0,8.36e-46
5956,0,8.35e-46
5957,0,8.39e-46
5958,0,8.37e-46
5959,0,8.32e-46
5960,0,8.37e-46
5961,0,8.25e-46
5962,0,8.37e-46
