//Data for CIA of Ar-He at 295 K
//First  column   : Frequency(cm^(-1))
//Second column   : Intensity(cm^(-1) amagat^(-2))
//Third  column   : +/- error


           5 2.30449947478709848755e-09 2.07404952730838852506e-10 
          10 9.1710169645295179289e-09 8.25391526807656559835e-10 
          15 2.04731876432023142813e-08 1.84258688788820825223e-09 
          20 3.59994863164685685611e-08 3.23995376848217093889e-09 
          25 5.54573403936957199211e-08 4.99116063543261462746e-09 
          30 7.84853032109561280376e-08 7.06367728898605139103e-09 
          35 1.04668937723858572988e-07 9.42020439514727044393e-09 
          40 1.33556436346413024827e-07 1.20200792711771710433e-08 
          45 1.64674740616281922655e-07 1.48207266554653731051e-08 
          50 1.97544237235597765408e-07 1.7778981351203799019e-08 
          55 2.31689607132483929504e-07 2.08520646419235527289e-08 
          60 2.66651336753623263428e-07 2.39986203078260931791e-08 
          65 3.01994662937903690808e-07 2.71795196644113316433e-08 
          70 3.37314373089363168983e-07 3.03582935780426830909e-08 
          75 3.72238301044076293514e-07 3.35014470939668674751e-08 
          80 4.06431147541109156518e-07 3.65788032786998259395e-08 
          85 4.39597490716869175476e-07 3.95637741645182268516e-08 
          90 4.71480841240410466954e-07 4.24332757116369393789e-08 
          95 5.0186130054290536997e-07 4.51675170488614787974e-08 
         100 5.30555639800185530634e-07 4.77500075820166929925e-08 
         105 5.5741724670379018656e-07 5.01675522033411173198e-08 
         110 5.82333216986874824484e-07 5.24099895288187334094e-08 
115.000000000000014211 6.05220586078310813762e-07 5.44698527470479703269e-08 
         120 6.26023757547752926726e-07 5.63421381792977639347e-08 
124.999999999999985789 6.44712503569534664731e-07 5.80241253212581174435e-08 
         130 6.61279541420971489076e-07 5.95151587278874313698e-08 
         135 6.75737737575935537229e-07 6.08163963818341946448e-08 
         140 6.88117394677080359063e-07 6.19305655209372243747e-08 
         145 6.98463847362757636607e-07 6.2861746262648190471e-08 
         150 7.06835219383089089652e-07 6.36151697444780180687e-08 
         155 7.13300093041768287766e-07 6.41970083737591427226e-08 
         160 7.17935259782968076213e-07 6.46141733804671268592e-08 
         165 7.20824051187955813118e-07 6.48741646069160226513e-08 
         170 7.22055287515797905663e-07 6.49849758764218120391e-08 
         175 7.21722161431308155023e-07 6.4954994528817736599e-08 
         180 7.19920512281247927986e-07 6.47928461053123082248e-08 
         185 7.16746883664964252385e-07 6.45072195298467795382e-08 
         190 7.12297259341162585713e-07 6.41067533407046268909e-08 
         195 7.06666780811651779039e-07 6.36000102730486643487e-08 
         200 6.99949816883266725659e-07 6.29954835194940095445e-08 
         205 6.92239565632228006106e-07 6.23015609069005242553e-08 
         210 6.83627033339481406751e-07 6.152643300055332449e-08 
214.999999999999971578 6.74199937899536309417e-07 6.06779944109582710239e-08 
         220 6.64042134800627685757e-07 5.97637921320564911887e-08 
         225 6.53233660001228378648e-07 5.87910294001105506373e-08 
230.000000000000028422 6.41851012096055453797e-07 5.77665910886449913711e-08 
         235 6.29967254600862316609e-07 5.66970529140776082301e-08 
         240 6.17651822056346928226e-07 5.55886639850712240697e-08 
245.000000000000028422 6.04970214220857149641e-07 5.44473192798771394972e-08 
249.999999999999971578 5.91983822997990820007e-07 5.32785440698191693008e-08 
         255 5.78749983814873656104e-07 5.20874985433386295787e-08 
         260 5.65322162638207605139e-07 5.08789946374386810214e-08 
         265 5.51750131595567287635e-07 4.96575118436010542989e-08 
         270 5.38080060075538574257e-07 4.84272054067984685068e-08 
         275 5.24354558335052058771e-07 4.719191025015468476e-08 
         280 5.10612758442005551777e-07 4.59551482597804962188e-08 
         285 4.9689047846246202746e-07 4.47201430616215827361e-08 
         290 4.83220441318922324175e-07 4.3489839718703008117e-08 
         295 4.69632478854898064764e-07 4.22669230969408255641e-08 
         300 4.56153672817936251336e-07 4.10538305536142594439e-08 
         305 4.42808440926509345567e-07 3.98527596833858366011e-08 
         310 4.29618617696164114737e-07 3.86656755926547679441e-08 
         315 4.16603576862413649363e-07 3.74943219176172263251e-08 
         320 4.03780405285997465107e-07 3.63402364757397694774e-08 
         325 3.91164100917156435947e-07 3.52047690825440810881e-08 
         330 3.78767756468890025779e-07 3.40890980822001004673e-08 
         335 3.66602707103338959037e-07 3.29942436393005047251e-08 
         340 3.54678645461516282542e-07 3.19210780915364651641e-08 
         345 3.43003721043717050445e-07 3.0870334893934536393e-08 
         350 3.31584638175268743676e-07 2.98426174357741834897e-08 
         355 3.20426756448138083095e-07 2.88384080803324269491e-08 
         360 3.0953419113501075417e-07 2.78580772021509658901e-08 
         365 2.98909912544545960385e-07 2.69018921290091366993e-08 
         370 2.8855584755450456763e-07 2.59700262799054109543e-08 
         375 2.78472986322177356226e-07 2.50625687689959627221e-08 
         380 2.68661490675562962487e-07 2.41795341608006643739e-08 
         385 2.5912079327507651541e-07 2.33208713947568854605e-08 
         390 2.49849675513546509952e-07 2.24864707962191839105e-08 
         395 2.40846319892487677255e-07 2.16761687903238885707e-08 
         400 2.32108344918624522751e-07 2.08897510426762070476e-08 
         405 2.23632839211677053775e-07 2.01269555290509333839e-08 
         410 2.15416410391820665932e-07 1.93874769352638592721e-08 
         415 2.07455253739466980981e-07 1.86709728365520261707e-08 
         420 1.99745232070725226906e-07 1.79770708863652681716e-08 
         425 1.92281949954452343274e-07 1.73053754959007086447e-08 
429.999999999999943157 1.85060806996391090333e-07 1.665547262967519813e-08 
         435 1.78077025006483426826e-07 1.60269322505835073556e-08 
         440 1.7132565624734122193e-07 1.54193090622607099737e-08 
444.999999999999943157 1.64801587666335891352e-07 1.48321428899702292291e-08 
         450 1.58499555315323416982e-07 1.42649599783791063373e-08 
         455 1.52414175273076517227e-07 1.37172757745768866828e-08 
460.000000000000056843 1.4653998719394883286e-07 1.31885988474553940971e-08 
         465 1.40871499606864353401e-07 1.26784349646177918061e-08 
         470 1.35403225427521358366e-07 1.21862902884769213927e-08 
475.000000000000056843 1.30129701338511173829e-07 1.17116731204660043873e-08 
         480 1.2504549237692484771e-07 1.12540943139232360954e-08 
         485 1.20145189122473518423e-07 1.08130670210226170551e-08 
490.000000000000056843 1.15423406586516269009e-07 1.03881065927864632843e-08 
         495 1.10874791080747916976e-07 9.97873119726731279251e-09 
499.999999999999943157 1.06494036025281073533e-07 9.58446324227529569157e-09 
         505 1.02275902740010384629e-07 9.20483124660093488134e-09 
         510 9.82152399876787875128e-08 8.83937159889108988353e-09 
         515 9.43069970318848225751e-08 8.48762973286963370089e-09 
         520 9.05462282491297561232e-08 8.14916054242167705847e-09 
         525 8.69280910176362666956e-08 7.82352819158726340703e-09 
         530 8.34478409556539203853e-08 7.51030568600885263616e-09 
         535 8.01008287612520365281e-08 7.2090745885126831221e-09 
         540 7.68825011995153721987e-08 6.91942510795638359714e-09 
         545 7.37884062748204906594e-08 6.64095656473384356378e-09 
         550 7.08142005571884492559e-08 6.37327805014696056538e-09 
         555 6.79556558253405086251e-08 6.11600902428064564391e-09 
         560 6.52086627622195017598e-08 5.86877964859975482751e-09 
         565 6.25692308906517789043e-08 5.63123078015866023374e-09 
         570 6.00334854867262855278e-08 5.40301369380536586294e-09 
         575 5.75976631844625594947e-08 5.18378968660162979204e-09 
         580 5.52581080904721372557e-08 4.97322972814249235301e-09 
         585 5.30112695852301911377e-08 4.77101426267071680535e-09 
         590 5.08537020041914210341e-08 4.57683318037722776072e-09 
         595 4.8782065529966754166e-08 4.39038589769700810655e-09 
         600 4.67931272030283032985e-08 4.21138144827254706525e-09 
         605 4.48837610495528898853e-08 4.03953849445975956028e-09 
         610 4.30509467873283895062e-08 3.87458521085955472469e-09 
         615 4.12917671455232632741e-08 3.71625904309709367812e-09 
         620 3.96034042801644095846e-08 3.56430638521479687916e-09 
         625 3.79831359483358478088e-08 3.41848223535022630279e-09 
         630 3.64283320200330838948e-08 3.27854988180297735201e-09 
         635 3.49364516533867141712e-08 3.14428064880480427541e-09 
         640 3.35050411678828278863e-08 3.01545370510945442705e-09 
         645 3.21317324269854838931e-08 2.89185591842869350074e-09 
         650 3.08142414367792240994e-08 2.77328172931012993733e-09 
         655 2.95503668766822113792e-08 2.65953301890139912339e-09 
         660 2.83379883634186007896e-08 2.55041895270767403797e-09 
         665 2.71750643623679581769e-08 2.44575579261311618629e-09 
         670 2.60596297638146474768e-08 2.34536667874331809093e-09 
         675 2.49897932151861337822e-08 2.24908138936675192459e-09 
         680 2.39637343403978716245e-08 2.15673609063580854547e-09 
         685 2.29797009879310265164e-08 2.06817308891379213832e-09 
         690 2.20360066356299032999e-08 1.98324059720669136317e-09 
         695 2.11310280457121229467e-08 1.90179252411409109829e-09 
         700 2.02632032111964680716e-08 1.823688289007682052e-09 
         705 1.94310295727369408842e-08 1.74879266154632458859e-09 
         710 1.8633062425718463557e-08 1.67697561831466175321e-09 
         715 1.78679133978497841434e-08 1.60811220580648056464e-09 
         720 1.7134248869949757238e-08 1.54208239829547818451e-09 
         725 1.643078824111931237e-08 1.47877094170073803885e-09 
         730 1.57563019963910135561e-08 1.4180671796751910877e-09 
         735 1.51096096033460834865e-08 1.35986486430114752206e-09 
         740 1.44895773233734360734e-08 1.30406195910360917216e-09 
         745 1.38951160558476121736e-08 1.25056044502628499636e-09 
         750 1.33251793312996089008e-08 1.19926613981696468527e-09 
         755 1.27787615355087393858e-08 1.15008853819578654472e-09 
         760 1.22548963931954944406e-08 1.10294067538759442521e-09 
         765 1.17526556842089803495e-08 1.057739011578808248e-09 
         770 1.12711481226900072777e-08 1.01440333104210062191e-09 
         775 1.08095183101928776674e-08 9.72856647917359039697e-10 
         780 1.03669456791445569523e-08 9.33025111123010142254e-10 
         785 9.94264336803262145591e-09 8.94837903122935860722e-10 
         790 9.53585700434368180146e-09 8.58227130390931324908e-10 
         795 9.14586340510913475936e-09 8.2312770645982214075e-10 
         800 8.77196922963110261097e-09 7.89477230666799197764e-10 
         805 8.41350963090660198661e-09 7.57215866781594199475e-10 
         810 8.06984695177719471638e-09 7.262862256599474583e-10 
         815 7.74036950215028957122e-09 6.96633255193526065546e-10 
         820 7.42449043887696931464e-09 6.68204139498927242454e-10 
         825 7.12164675382061811449e-09 6.40948207843855642712e-10 
         830 6.83129836116120101337e-09 6.14816852504508074659e-10 
         835 6.55292726377911589955e-09 5.89763453740120406144e-10 
         840 6.28603677179376165411e-09 5.65743309461438536462e-10 
         845 6.03015074454256189935e-09 5.42713567008830595757e-10 
         850 5.78481283058098808303e-09 5.20633154752288857163e-10 
         855 5.54958568823154378216e-09 4.99462711940838919715e-10 
859.999999999999886313 5.32405018063704984977e-09 4.791645162573344658e-10 
865.000000000000113687 5.10780455228392413337e-09 4.59702409705553178207e-10 
         870 4.90046360591016883412e-09 4.41041724531915180596e-10 
         875 4.70165790686063830436e-09 4.23149211617457418441e-10 
         880 4.51103304401703284582e-09 4.05992973961532931308e-10 
         885 4.3282489712395735564e-09 3.8954240741156162628e-10 
889.999999999999886313 4.15297944170186315888e-09 3.73768149753167673959e-10 
895.000000000000113687 3.98491153187499762869e-09 3.5864203786874976797e-10 
         900 3.82374523625702183895e-09 3.44137071263131977913e-10 
         905 3.66919310223285906324e-09 3.30227379200957299148e-10 
         910 3.52097986986035248903e-09 3.16888188287431709537e-10 
914.999999999999886313 3.37884208519166185309e-09 3.04095787667249577118e-10 
920.000000000000113687 3.24252766682452159306e-09 2.91827490014206930968e-10 
925.000000000000113687 3.1117954208189119242e-09 2.80061587873702056634e-10 
         930 2.98641451475315667112e-09 2.68777306327784079721e-10 
         935 2.86616393367197952687e-09 2.57954754030478157418e-10 
         940 2.75083194616774160497e-09 2.47574875155096734108e-10 
944.999999999999886313 2.64021560697528949081e-09 2.37619404627776054173e-10 
950.000000000000113687 2.53412031424491830019e-09 2.28070828282042642882e-10 
         955 2.43235942778226199197e-09 2.18912348500403565836e-10 
         960 2.33475394233137774625e-09 2.10127854809823976483e-10 
         965 2.24113220069557490779e-09 2.01701898062601735497e-10 
         970 2.15132962725332284981e-09 1.93619666452799055449e-10 
974.999999999999886313 2.06518846390162291572e-09 1.85866961751146064483e-10 
980.000000000000113687 1.98255749664279717235e-09 1.78430174697851733104e-10 
         985 1.90329176975416872152e-09 1.71296259277875181835e-10 
         990 1.82725229308850229885e-09 1.64452706377965197591e-10 
         995 1.75430575412946760148e-09 1.578875178716520831e-10 
999.999999999999886313 1.68432424854857837822e-09 1.51589182369372044734e-10 
1005.00000000000011369 1.61718504090485153495e-09 1.45546653681436640213e-10 
        1010 1.55277036175255909895e-09 1.39749332557730312702e-10 
        1015 1.490967240475465464e-09 1.34187051642791883488e-10 
        1020 1.43166736662419025397e-09 1.28850062996177123892e-10 
        1025 1.37476696802635940976e-09 1.23729027122372333436e-10 
        1030 1.32016669242072208184e-09 1.18815002317864991502e-10 
        1035 1.26777148093641356911e-09 1.14099433284277213982e-10 
        1040 1.21749042569098556447e-09 1.0957413831218869098e-10 
        1045 1.16923660891906186348e-09 1.05231294802715562027e-10 
        1050 1.12292692603566199474e-09 1.01063423343209582111e-10 
        1055 1.07848189871135969233e-09 9.70633708840223630044e-11 
        1060 1.03582548575751978091e-09 9.32242937181767730444e-11 
        1065 9.9488489925247821632e-10 8.95396409327230368839e-11 
        1070 9.55590431345019310755e-10 8.6003138821051736417e-11 
        1075 9.17875294320536647723e-10 8.260877648884830088e-11 
        1080 8.81675473696170212445e-10 7.9350792632655321188e-11 
        1085 8.4692959206748140747e-10 7.62236632860733297743e-11 
        1090 8.13578780585310251803e-10 7.32220902526779164584e-11 
        1095 7.81566555333173336021e-10 7.034098997998559197e-11 
        1100 7.50838697207120680411e-10 6.7575482748640863822e-11 
        1105 7.2134313564261595844e-10 6.49208822078354352257e-11 
        1110 6.93029838121752979575e-10 6.23726854309577702297e-11 
        1115 6.6585070837234821985e-10 5.99265637535113320317e-11 
        1120 6.39759496271412786161e-10 5.7578354664427149462e-11 
        1125 6.14711721695275491351e-10 5.53240549525747926706e-11 
        1130 5.90664613119766343008e-10 5.31598151807789693198e-11 
        1135 5.675770600354592187e-10 5.10819354031913263226e-11 
        1140 5.45409576592056068961e-10 4.90868618932850412951e-11 
        1145 5.24124272681414980052e-10 4.71711845413273448443e-11 
        1150 5.03684828120277626216e-10 4.53316345308249858424e-11 
        1155 4.84056465772530083528e-10 4.35650819195277041571e-11 
        1160 4.65205920241039511767e-10 4.18685328216935542495e-11 
        1165 4.47101399959888325069e-10 4.02391259963899456373e-11 
        1170 4.29712541839106432426e-10 3.86741287655195765919e-11 
        1175 4.13010358812945160962e-10 3.71709322931650626771e-11 
        1180 3.96967181512833906016e-10 3.57270463361550499905e-11 
        1185 3.81556595749809244045e-10 3.43400936174828275696e-11 
        1190 3.66753377558482963238e-10 3.30078039802634672084e-11 
        1195 3.52533427324275548049e-10 3.1728008459184795964e-11 
        1200 3.38873704135814482011e-10 3.0498633372223304932e-11 
        1205 3.25752161114160992665e-10 2.93176945002744872719e-11 
        1210 3.13147682200218749343e-10 2.81832913980196875701e-11 
        1215 3.01040020777010105346e-10 2.70936018699309074132e-11 
        1220 2.89409740579192760624e-10 2.60468766521273484561e-11 
        1225 2.78238159533333893198e-10 2.50414343580000489661e-11 
        1230 2.67507297404298508136e-10 2.40756567663868657322e-11 
        1235 2.5719982828439284231e-10 2.31479845455953539984e-11 
        1240 2.47299038988102541105e-10 2.22569135089292284409e-11 
        1245 2.37788794248734427217e-10 2.14009914823860989665e-11 
        1250 2.28653509264717011604e-10 2.05788158338245297519e-11 
        1255 2.19878129656810196212e-10 1.97890316691129179176e-11 
        1260 2.11448118351281314246e-10 1.90303306516153186699e-11 
        1265 2.03349448387753570768e-10 1.83014503548978199474e-11 
        1270 1.95568600248271587813e-10 1.76011740223444409644e-11 
        1275 1.88092562067050083458e-10 1.6928330586034505314e-11 
        1280 1.80908831030838407246e-10 1.62817947927754560059e-11 
        1285 1.7400541440168105509e-10 1.56604872961512943119e-11 
        1290 1.67370828846674079385e-10 1.50633745962006662399e-11 
        1295 1.60994097090548396355e-10 1.44894687381493550903e-11 
        1300 1.54864741258242955633e-10 1.39378267132418658131e-11 
        1305 1.48972772606273810973e-10 1.34075495345646428584e-11 
        1310 1.4330867762018233436e-10 1.28977809858164089292e-11 
        1315 1.378634006724475359e-10 1.24077060605202781018e-11 
        1320 1.32628323588248180536e-10 1.19365491229423352789e-11 
        1325 1.27595242574046501616e-10 1.14835718316641854039e-11 
        1330 1.22756343035696501193e-10 1.10480708732126843319e-11 
        1335 1.18104172869635104095e-10 1.06293755582671592393e-11 
        1340 1.13631614858768197992e-10 1.02268453372891367207e-11 
        1345 1.09331858847886105142e-10 9.83986729630974959201e-12 
        1350 1.05198374408545164595e-10 9.46785369676906403809e-12 
        1355 1.0122488471545927482e-10 9.1102396243913339583e-12 
        1360 9.74053423357382793462e-11 8.76648081021644481804e-12 
        1365 9.37339075673760251413e-11 8.43605168106384129336e-12 
        1370 9.02049298504056256008e-11 8.11844368653650623945e-12 
        1375 8.68129326162033712403e-11 7.81316393545830302389e-12 
        1380 8.35526017533877596337e-11 7.51973415780489849628e-12 
        1385 8.04187776664479458867e-11 7.23768998998031522674e-12 
        1390 7.74064507120408065393e-11 6.96658056408367233004e-12 
        1395 7.45107596284356086929e-11 6.70596836655920449156e-12 
        1400 7.17269924457428452059e-11 6.45542932011685568079e-12 
        1405 6.90505892782105869425e-11 6.21455303503895243709e-12 
        1410 6.64771463607474042586e-11 5.98294317246726602785e-12 
        1415 6.40024206892378537807e-11 5.76021786203140687257e-12 
        1420 6.16223346576478452487e-11 5.54601011918830594314e-12 
        1425 5.93329801419924586642e-11 5.33996821277932137672e-12 
        1430 5.71306215590077311607e-11 5.14175594031069567521e-12 
        1435 5.50116975175776786066e-11 4.95105277658199097766e-12 
        1440 5.29728207812695537536e-11 4.76755387031425935315e-12 
        1445 5.10107763663407049861e-11 4.59096987297066312563e-12 
        1450 4.9122517706217150953e-11 4.42102659355954332728e-12 
        1455 4.73051609174022556784e-11 4.25746448256620255869e-12 
        1460 4.55559772989988884875e-11 4.10003795690990009312e-12 
        1465 4.38723842834051826905e-11 3.94851458550646637752e-12 
        1470 4.22519351253392937062e-11 3.80267416128053662743e-12 
        1475 4.06923076679748703495e-11 3.66230769011773810527e-12 
        1480 3.91912925567684253215e-11 3.52721633010915808507e-12 
        1485 3.77467812833992141204e-11 3.39721031550592910928e-12 
        1490 3.63567544346347031958e-11 3.27210789911712310991e-12 
        1495 3.50192704979230992936e-11 3.15173434481307877487e-12 
        1500 3.37324555384072576761e-11 3.0359209984566530616e-12 
        1505 3.24944940156766093298e-11 2.92450446141089480737e-12 
        1510 3.13036209539701203952e-11 2.81732588585731070632e-12 
        1515 3.01581156202215095119e-11 2.71423040581993582376e-12 
        1520 2.9056296801121103436e-11 2.61506671210089929309e-12 
        1525 2.79965197035866981202e-11 2.51968677332280275004e-12 
        1530 2.69771744342819067216e-11 2.42794569908537160494e-12 
        1535 2.59966859454568030321e-11 2.33970173509111233752e-12 
        1540 2.50535152690626600901e-11 2.2548163742156395212e-12 
        1545 2.41461618031937601033e-11 2.17315456228743850623e-12 
        1550 2.32731663689141872758e-11 2.09458497320227661248e-12 
        1555 2.2433114726983854791e-11 2.01898032542854673732e-12 
        1560 2.16246412345224758821e-11 1.94621771110702265168e-12 
        1565 2.08464323337786471013e-11 1.87617891004007831989e-12 
        1570 2.00972295967967468681e-11 1.80875066371170723428e-12 
        1575 1.93758320985828520482e-11 1.74382488887245654702e-12 
        1580 1.86810979514022771916e-11 1.6812988156262049634e-12 
        1585 1.80119448985655776284e-11 1.62107504087090191386e-12 
        1590 1.73673499318171814154e-11 1.56306149386354635162e-12 
        1595 1.67463479564245119441e-11 1.5071713160782060992e-12 
        1600 1.61480295788087252259e-11 1.45332266209278523802e-12 
        1605 1.55715381305788641413e-11 1.40143843175209765963e-12 
        1610 1.50160660693501609388e-11 1.35144594624151439563e-12 
        1615 1.44808509123434586527e-11 1.30327658211091116565e-12 
        1620 1.39651708641179281703e-11 1.25686537777061342224e-12 
        1625 1.34683402980687640101e-11 1.21215062682618880937e-12 
        1630 1.29897052449463348736e-11 1.16907347204517006592e-12 
        1635 1.2528639031728853831e-11 1.12757751285559689326e-12 
        1640 1.20845382025298134539e-11 1.08760843822768321893e-12 
        1645 1.16568188388022207232e-11 1.04911369549219976007e-12 
        1650 1.12449133796294390059e-11 1.012042204166649559e-12 
        1655 1.08482680216554658911e-11 9.76344121948991986745e-13 
        1660 1.04663407527341966833e-11 9.41970667746077644954e-13 
        1665 1.00986000430247177292e-11 9.08874003872224531003e-13 
        1670 9.74452418300910534641e-12 8.77007176470819420593e-13 
        1675 9.40360122301818666512e-12 8.46324110071636751394e-13 
        1680 9.0753294349382248158e-12 8.16779649144440164759e-13 
        1685 8.75921818946266904385e-12 7.88329637051640165479e-13 
        1690 8.45478912302390920232e-12 7.60931021072151799936e-13 
        1695 8.1615774605665862793e-12 7.34541971450992736864e-13 
        1700 7.87913336386881881494e-12 7.09122002748193640838e-13 
        1705 7.60702318897142451272e-12 6.84632087007428157678e-13 
        1710 7.34483055833303428372e-12 6.61034750249973109769e-13 
        1715 7.09215717964882726799e-12 6.38294146168394462197e-13 
1719.99999999999977263 6.84862337009138855389e-12 6.16376103308224965811e-13 
        1725 6.61386826962414570959e-12 5.95248144266173073473e-13 
1730.00000000000022737 6.38754974658651726296e-12 5.74879477192786505199e-13 
        1735 6.16934401328095012003e-12 5.55240961195285470413e-13 
        1740 5.95894497827729816564e-12 5.36305048044956838947e-13 
1744.99999999999977263 5.75606336738911799094e-12 5.18045703065020562639e-13 
        1750 5.56042564825827416343e-12 5.00438308343244626241e-13 
1755.00000000000022737 5.37177279565284745013e-12 4.83459551608756213967e-13 
        1760 5.18985893737610471598e-12 4.67087304363849420399e-13 
1765.00000000000022737 5.01444992379111578463e-12 4.513004931412004085e-13 
        1770 4.84532186767501484248e-12 4.36078968090751295434e-13 
        1775 4.68225970359845953624e-12 4.21403373323861348165e-13 
1779.99999999999977263 4.52505581676729605082e-12 4.07255023509056654671e-13 
        1785 4.37350878887553039195e-12 3.93615790998797725178e-13 
1790.00000000000022737 4.22742230231541049724e-12 3.80468007208386940712e-13 
        1795 4.08660423451955637098e-12 3.67794381106760071368e-13 
        1800 3.95086596182398926813e-12 3.5557793656415904221e-13 
1804.99999999999977263 3.82002187850907543527e-12 3.43801969065816775038e-13 
        1810 3.69388912331618583874e-12 3.32450021098456709331e-13 
1815.00000000000022737 3.57228749434783780577e-12 3.21505874491305382325e-13 
        1820 3.45503952518104301376e-12 3.10953557266293857102e-13 
        1825 3.3419706909771313936e-12 3.00777362187941821385e-13 
1829.99999999999977263 3.23290971310703953841e-12 2.90961874179633556437e-13 
        1835 3.12768893413933012969e-12 2.81492004072539723789e-13 
1840.00000000000022737 3.02614474000431371637e-12 2.72353026600388220337e-13 
        1845 2.92811801201934213939e-12 2.63530621081740804662e-13 
1850.00000000000022737 2.83345459615988351471e-12 2.55010913654389526421e-13 
        1855 2.74200577993582582294e-12 2.46780520194224311948e-13 
        1860 2.65362876751203795004e-12 2.38826589076083405407e-13 
1864.99999999999977263 2.5681871415327330305e-12 2.31136842737945942453e-13 
        1870 2.48555129647800428542e-12 2.23699616683020373571e-13 
1875.00000000000022737 2.40559882373139039118e-12 2.16503894135825116021e-13 
        1880 2.32821482513555522311e-12 2.09539334262199962002e-13 
        1885 2.25329213014428429233e-12 2.0279629171298558429e-13 
1889.99999999999977263 2.18073139309565039083e-12 1.96265825378608522048e-13 
        1895 2.11044105202168580349e-12 1.89939694681951712216e-13 
1900.00000000000022737 2.04233713820679263615e-12 1.83810342438611336244e-13 
        1905 1.9763429359557375215e-12 1.77870864236016377945e-13 
        1910 1.91238850316562670226e-12 1.72114965284906387047e-13 
1914.99999999999977263 1.85041007387316233694e-12 1.66536906648584603256e-13 
        1920 1.79034937251848258048e-12 1.61131443526663422146e-13 
1925.00000000000022737 1.7321528749512747898e-12 1.55893758745614714926e-13 
        1930 1.67577105275578981115e-12 1.50819394748021087043e-13 
        1935 1.62115763494375036406e-12 1.45904187144937526707e-13 
        1940 1.56826891542095843448e-12 1.41144202387886244967e-13 
        1945 1.51706312681816983208e-12 1.3653568141363527075e-13 
1949.99999999999977263 1.46749989276190054403e-12 1.32074990348571036846e-13 
        1955 1.41953976303704811522e-12 1.2775857867333432734e-13 
1960.00000000000022737 1.37314383015854965514e-12 1.23582944714269463914e-13 
        1965 1.32827342282774567036e-12 1.19544608054497103265e-13 
        1970 1.28488987103437933587e-12 1.15640088393094144267e-13 
1974.99999999999977263 1.24295433896982860982e-12 1.11865890507284567815e-13 
        1980 1.20242772428539880638e-12 1.08218495185685883486e-13 
1985.00000000000022737 1.16327062434167319104e-12 1.04694356190750585174e-13 
        1990 1.125443370901814261e-12 1.01289903381163277936e-13 
        1995 1.08890613345142289908e-12 9.80015520106280614223e-14 
1999.99999999999977263 1.05361908791016302612e-12 9.48257179119146673022e-14 
        2005 1.01954264229734546171e-12 9.17588378067610865055e-14 
2010.00000000000022737 9.86637704916927572245e-13 8.87973934425234840264e-14 
        2015 9.5486597487481405842e-13 8.59379377387332597042e-14 
        2020 9.24190230836421664414e-13 8.3177120775277950807e-14 
        2025 8.94574592366796011606e-13 8.05117133130116420543e-14 
        2030 8.6598472996034072431e-13 7.79386256964306616538e-14 
2034.99999999999977263 8.38388004441672700288e-13 7.54549203997505374724e-14 
        2040 8.11753523773094014318e-13 7.30578171395784628032e-14 
2045.00000000000022737 7.86052113829333139996e-13 7.0744690244639977046e-14 
        2050 7.61256208703747640795e-13 6.85130587833372836325e-14 
        2055 7.37339673929711066692e-13 6.63605706536739939828e-14 
        2060 7.14277581956063658999e-13 6.42849823760457313293e-14 
        2065 6.92045962432346941804e-13 6.22841366189112242575e-14 
        2070 6.70621550163295277875e-13 6.03559395146965765234e-14 
        2075 6.4998155126000752224e-13 5.84983396134006759919e-14 
        2080 6.30103443562455859836e-13 5.67093099206210261231e-14 
        2085 6.10964821723111595894e-13 5.4986833955080041611e-14 
        2090 5.92543291265219718488e-13 5.33288962138697728969e-14 
        2095 5.74816410502417403234e-13 5.17334769452175635143e-14 
        2100 5.57761674997722825783e-13 5.01985507497950545729e-14 
        2105 5.41356536747377166565e-13 4.87220883072639439811e-14 
        2110 5.2557844947129081234e-13 4.73020604524161713436e-14 
        2115 5.1040493226079334778e-13 4.59364439034714020575e-14 
        2120 4.95813645640829733683e-13 4.46232281076746757791e-14 
        2125 4.81782476430419954641e-13 4.33604228787377946555e-14 
        2130 4.68289629779905177395e-13 4.21460666801914631888e-14 
        2135 4.55313728167567729094e-13 4.09782355350810971331e-14 
        2140 4.4283391732624700851e-13 3.98550525593622289989e-14 
        2145 4.30829978209688805359e-13 3.8774698038871993492e-14 
        2150 4.19282442296651392061e-13 3.77354198066986247806e-14 
        2155 4.08172705260486720687e-13 3.6735543473443806124e-14 
        2160 3.97483131860210621689e-13 3.57734818674189556996e-14 
        2165 3.87197143345347599499e-13 3.48477429010812857219e-14 
        2170 3.7729927831871612219e-13 3.3956935048684447463e-14 
        2175 3.67775219005543112496e-13 3.30997697104988798722e-14 
        2180 3.58611777283323824957e-13 3.22750599554991402072e-14 
        2185 3.49796838348962186377e-13 3.14817154514065965215e-14 
        2190 3.41319264029504291365e-13 3.07187337626553829412e-14 
        2195 3.33168761817924785341e-13 2.99851885636132309332e-14 
        2200 3.2533572910101931657e-13 2.92802156190917354621e-14 
        2205 3.17811084123691489186e-13 2.86029975711322307451e-14 
        2210 3.10586095782085607222e-13 2.79527486203877037665e-14 
        2215 3.03652223153599986342e-13 2.73287000838239962464e-14 
        2220 2.97000973086092585503e-13 2.67300875777483323166e-14 
        2225 2.90623780620878646283e-13 2.61561402558790756411e-14 
        2230 2.8451191318986939803e-13 2.56060721870882445605e-14 
        2235 2.78656396056805016702e-13 2.50790756451124509983e-14 
        2240 2.73047954010120376132e-13 2.45743158609108334733e-14 
        2245 2.67676963261264243381e-13 2.40909266935137822829e-14 
        2250 2.62533407998524348444e-13 2.3628006719867189088e-14 
        2255 2.57606837916129395246e-13 2.31846154124516433002e-14 
        2260 2.52886325922761064593e-13 2.27597693330484941725e-14 
        2265 2.4836042842167966478e-13 2.23524385579511675583e-14 
        2270 2.44017153575767164142e-13 2.19615438218190454038e-14 
        2275 2.39843944987218212955e-13 2.15859550488496391659e-14 
        2280 2.35827689030286752261e-13 2.12244920127258054316e-14 
        2285 2.31954753352819751332e-13 2.08759278017537762315e-14 
        2290 2.28211061981495789068e-13 2.05389955783346210161e-14 
        2295 2.24582209254556415463e-13 2.02123988329100781489e-14 
        2300 2.21053611095293982933e-13 1.98948249985764563182e-14 
        2305 2.17610688369587842923e-13 1.95849619532629037174e-14 
        2310 2.14239073872302308217e-13 1.92815166485072077395e-14 
        2315 2.10924832229393468342e-13 1.89832349006454110148e-14 
        2320 2.076546810001268618e-13 1.86889212900114169309e-14 
        2325 2.04416201506273457902e-13 1.8397458135564609949e-14 
        2330 2.01198029301789643132e-13 1.81078226371610682605e-14 
        2335 1.97990016418316549569e-13 1.78191014776484885776e-14 
        2340 1.94783360211280886293e-13 1.75305024190152806499e-14 
        2345 1.91570696391578624755e-13 1.72413626752420754707e-14 
        2350 1.88346156258067285641e-13 1.69511540632260563388e-14 
        2355 1.85105390084063835577e-13 1.66594851075657438135e-14 
        2360 1.81845559775644671116e-13 1.63661003798080186334e-14 
        2365 1.78565304495623033213e-13 1.60708774046060714746e-14 
        2370 1.75264682829982146764e-13 1.57738214546983925776e-14 
        2375 1.71945094679189172435e-13 1.54750585211270240046e-14 
        2380 1.68609185456386593054e-13 1.5174826691074791734e-14 
        2385 1.65260734721498521299e-13 1.48734661249348659072e-14 
        2390 1.61904531209433301055e-13 1.45714078088489969687e-14 
        2395 1.58546236456559306913e-13 1.42691612810903366124e-14 
        2400 1.55192239903607224238e-13 1.39673015913246498028e-14 
        2405 1.5184950932727050606e-13 1.36664558394543456716e-14 
        2410 1.48525441570336418697e-13 1.3367289741330277809e-14 
        2415 1.45227719490467758624e-13 1.30704947541420978344e-14 
        2420 1.4196418161202659455e-13 1.27767763450823925628e-14 
        2425 1.3874271084947506051e-13 1.24868439764527552566e-14 
        2430 1.35571147739844368859e-13 1.22014032965859922507e-14 
        2435 1.32457231848965136964e-13 1.19211508664068623267e-14 
        2440 1.29408572500389219987e-13 1.16467715250350296095e-14 
        2445 1.26432646970235363477e-13 1.1378938227321182776e-14 
        2450 1.23536821147253428702e-13 1.1118313903252807889e-14 
        2455 1.20728384774111876726e-13 1.08655546296700691578e-14 
        2460 1.18014591236185719057e-13 1.06213132112567138316e-14 
        2465 1.15402690681025362174e-13 1.03862421612922820908e-14 
        2470 1.12899945348713786783e-13 1.01609950813842411891e-14 
        2475 1.10513617346477957929e-13 9.9462255611830159612e-15 
        2480 1.08250921649545744656e-13 9.74258294845911651416e-15 
        2485 1.06118940508636819736e-13 9.55070464577731308203e-15 
        2490 1.04124499338722389146e-13 9.37120494048501496006e-15 
        2495 1.02274008070632081387e-13 9.2046607263568871355e-15 
        2500 1.00573275456353652604e-13 9.05159479107182841884e-15 
        2505 9.90273064788548272769e-14 8.91245758309693470736e-15 
        2510 9.76400946618566564267e-14 8.78760851956709945705e-15 
        2515 9.64144215429639068333e-14 8.67729793886675199365e-15 
        2520 9.53516749557092974146e-14 8.58165074601383613622e-15 
        2525 9.44516962433292090865e-14 8.50065266189962843913e-15 
        2530 9.37126643526947746501e-14 8.43413979174253009717e-15 
        2535 9.31310223350214219215e-14 8.38179201015192721563e-15 
        2540 9.27014493393475108199e-14 8.34313044054127559514e-15 
        2545 9.24168790080272206046e-14 8.31751911072244953887e-15 
        2550 9.22685634002047953894e-14 8.30417070601843133261e-15 
        2555 9.22461802622473081213e-14 8.30215622360225747848e-15 
        2560 9.23379805149785453276e-14 8.31041824634806800663e-15 
        2565 9.25309721379171197561e-14 8.32778749241254021007e-15 
        2570 9.28111360235725601148e-14 8.35300224212153041034e-15 
        2575 9.3163668744049768636e-14 8.38473018696447905102e-15 
        2580 9.3573246338092526436e-14 8.4215921704283270637e-15 
        2585 9.40243022360714299149e-14 8.46218720124642869234e-15 
        2590 9.4501311338587278129e-14 8.5051180204728542743e-15 
        2595 9.49890712126694699063e-14 8.54901640914025134493e-15 
        2600 9.54729705434793128909e-14 8.59256734891313860194e-15 
        2605 9.5939234614202574356e-14 8.6345311152782321338e-15 
        2610 9.63751378890123634702e-14 8.67376241001111220745e-15 
        2615 9.67691748482256775969e-14 8.70922573634031066817e-15 
        2620 9.71111821058155212717e-14 8.74000638952339672512e-15 
        2625 9.73924074346088213431e-14 8.76531666911479316357e-15 
        2630 9.76055245232532541343e-14 8.78449720709279312452e-15 
        2635 9.77445957337004008961e-14 8.79701361603303532334e-15 
        2640 9.78049885636059478824e-14 8.80244897072453429968e-15 
        2645 9.77832546137889244269e-14 8.80049291524100313531e-15 
        2650 9.76769822994872631226e-14 8.79092840695385279751e-15 
        2655 9.74846361060961528724e-14 8.77361724954865369541e-15 
        2660 9.72053956970878179822e-14 8.74848561273790298731e-15 
        2665 9.68390076258232507033e-14 8.71551068632409294195e-15 
        2670 9.63856608309929110716e-14 8.67470947478936092359e-15 
        2675 9.5845894641091806236e-14 8.62613051769826275057e-15 
        2680 9.52205449571594570414e-14 8.56984904614435119684e-15 
        2685 9.45107308784309875739e-14 8.50596577905878837678e-15 
        2690 9.37178806233663126068e-14 8.4346092561029673142e-15 
        2695 9.28437924513262667301e-14 8.35594132061936350084e-15 
        2700 9.18907236589253688171e-14 8.27016512930328212069e-15 
        2705 9.0861498836412720115e-14 8.17753489527714506279e-15 
        2710 8.97596274604834407416e-14 8.07836647144350916187e-15 
        2715 8.8589420640667055692e-14 7.97304785766003507539e-15 
        2720 8.73560973015247341782e-14 7.86204875713722639158e-15 
        2725 8.60658711843397650191e-14 7.74592840659057897794e-15 
        2730 8.47260115439635188861e-14 7.62534103895671644732e-15 
        2735 8.33448721685444693571e-14 7.5010384951690019897e-15 
        2740 8.1931885116470622817e-14 7.37386966048235542244e-15 
        2745 8.04975172584550883454e-14 7.24477655326095769865e-15 
        2750 7.90531892027737311384e-14 7.11478702824963630733e-15 
        2755 7.76111574772931184504e-14 6.98500417295638062898e-15 
        2760 7.61843619349950788271e-14 6.85659257414955665267e-15 
        2765 7.4786241342559317921e-14 6.73076172083033864445e-15 
        2770 7.3430521049303513231e-14 6.60874689443731628545e-15 
        2775 7.21309775990961974484e-14 6.49178798391865717082e-15 
        2780 7.09011861868354645288e-14 6.38110675681519168137e-15 
        2785 6.97542579217318174761e-14 6.27788321295586297332e-15 
        2790 6.87025749298157745064e-14 6.18323174368341932692e-15 
        2795 6.77575322425940231239e-14 6.09817790183346223892e-15 
        2800 6.6929296073346973381e-14 6.02363664660122750962e-15 
        2805 6.62265882624255559045e-14 5.96039294361829993674e-15 
        2810 6.56565063549500271212e-14 5.90908557194550212537e-15 
        2815 6.52243877039161587833e-14 5.87019489335245369096e-15 
        2820 6.49337243055968568664e-14 5.84403518750371699176e-15 
        2825 6.47861327015537023437e-14 5.83075194313983283228e-15 
        2830 6.47813804431789203692e-14 5.83032423988610235991e-15 
        2835 6.49174674376236774234e-14 5.84257206938613074723e-15 
        2840 6.5190757303463702441e-14 5.86716815731173299881e-15 
        2845 6.55961508894737822409e-14 5.90365358005264043324e-15 
        2850 6.61272916609783419829e-14 5.9514562494880503367e-15 
        2855 6.67767909318618150552e-14 6.00991118386756300786e-15 
        2860 6.75364600912332168929e-14 6.07828140821098926792e-15 
        2865 6.83975371389934411224e-14 6.15577834250940944858e-15 
        2870 6.93508959177519535205e-14 6.24158063259767540664e-15 
        2875 7.03872283689741487097e-14 6.33485055320767319455e-15 
        2880 7.14971926438083668435e-14 6.4347473379427528897e-15 
        2885 7.26715228682496437346e-14 6.54043705814246762057e-15 
        2890 7.39010993274553195735e-14 6.65109893947097857229e-15 
        2895 7.51769807260850858135e-14 6.76592826534765750234e-15 
        2900 7.64904026185195709213e-14 6.88413623566676078338e-15 
        2905 7.78327480606616164527e-14 7.00494732545954544919e-15 
        2910 7.91954977716609505351e-14 7.12759479944948498018e-15 
        2915 8.05701677437063610725e-14 7.25131509693357199165e-15 
        2920 8.19482422364510044966e-14 7.37534180128058958428e-15 
        2925 8.33211096146489016931e-14 7.4988998653184012786e-15 
        2930 8.46800076081813431436e-14 7.62120068473632081982e-15 
        2935 8.60159834736010313667e-14 7.74143851262409225503e-15 
        2940 8.73198733473426554345e-14 7.85878860126083905222e-15 
        2945 8.85823038603839021626e-14 7.97240734743455037422e-15 
        2950 8.97937179768872854144e-14 8.08143461791985505621e-15 
        2955 9.09444259648866273503e-14 8.18499833683979538868e-15 
        2960 9.20246815366326573032e-14 8.28222133829693890485e-15 
        2965 9.30247823026381951073e-14 8.37223040723743661303e-15 
        2970 9.3935192919216354365e-14 8.45416736272947170352e-15 
        2975 9.47466884566331101013e-14 8.52720196109698035088e-15 
        2980 9.54505147106328338069e-14 8.59054632395695529506e-15 
        2985 9.60385612261180301976e-14 8.64347051035062177115e-15 
        2990 9.65035419053607345657e-14 8.68531877148246598469e-15 
        2995 9.68391771401245521123e-14 8.71552594261120905902e-15 
        3000 9.70403706136062084409e-14 8.73363335522455800237e-15 
