//Data for CIA of Ne-Ar at 2000 K
//First  column   : Frequency(cm^(-1))
//Second column   : Intensity(cm^(-1) amagat^(-2))
//Third  column   : +/- error


           5 2.57913924852469072151e-09 1.03165569940987635581e-10 
          10 1.02951653342542426312e-08 4.11806613370169709384e-10 
          15 2.30806429156805985075e-08 9.23225716627223977522e-10 
          20 4.08168514884431004576e-08 1.63267405953772411756e-09 
          25 6.33334612812083013023e-08 2.53333845124833195283e-09 
          30 9.04111063472647963369e-08 3.61644425389059198583e-09 
          35 1.21786218281987617279e-07 4.87144873127950498894e-09 
          40 1.57157095249987198964e-07 6.286283809999488124e-09 
          45 1.96190765241646940022e-07 7.84763060966587832879e-09 
          50 2.38529925366674949664e-07 9.54119701466699831743e-09 
          55 2.83799756306133220238e-07 1.13519902522453295375e-08 
          60 3.31614535472441549155e-07 1.32645814188976629588e-08 
          65 3.81583750475647914311e-07 1.52633500190259165724e-08 
          70 4.33317180775385824392e-07 1.73326872310154348286e-08 
          75 4.86429816312583602325e-07 1.94571926525033458136e-08 
          80 5.40546372410169909056e-07 2.16218548964067953035e-08 
          85 5.95304410757110923542e-07 2.38121764302844372064e-08 
          90 6.50357266625549756705e-07 2.6014290665021991724e-08 
          95 7.05376586790933780697e-07 2.82150634716373501691e-08 
         100 7.6005400021887197457e-07 3.04021600087548808357e-08 
         105 8.1410245633635782175e-07 3.25640982534543115465e-08 
         110 8.6725722746551935295e-07 3.46902890986207717357e-08 
115.000000000000014211 9.19276423488684916989e-07 3.67710569395473980031e-08 
         120 9.69941210087302425733e-07 3.8797648403492099941e-08 
124.999999999999985789 1.01905551518841253048e-06 4.07622206075365009545e-08 
         130 1.06644552091565407589e-06 4.26578208366261609178e-08 
         135 1.11195940313059629819e-06 4.4478376125223852457e-08 
         140 1.15546679891071546631e-06 4.62186719564286183877e-08 
         145 1.19685779243471183636e-06 4.78743116973884758365e-08 
         150 1.23604181965104569951e-06 4.94416727860418319508e-08 
         155 1.27294649595276057029e-06 5.09178598381104257232e-08 
         160 1.30751660429610711506e-06 5.23006641718442824849e-08 
         165 1.33971313915565265542e-06 5.35885255662261083345e-08 
         170 1.36951207507016211683e-06 5.47804830028064881142e-08 
         175 1.39690311276828935743e-06 5.58761245107315750911e-08 
         180 1.42188854466451878241e-06 5.68755417865807502377e-08 
         185 1.44448216300300790604e-06 5.77792865201203191534e-08 
         190 1.46470818784659681035e-06 5.85883275138638763846e-08 
         195 1.48260015154730464106e-06 5.93040060618921893481e-08 
         200 1.49819981463382402985e-06 5.99279925853529606646e-08 
         205 1.51155623243200152741e-06 6.04622492972800621554e-08 
         210 1.52272489388565344816e-06 6.09089957554261368676e-08 
214.999999999999971578 1.53176684336070558621e-06 6.12706737344282266246e-08 
         220 1.5387478267130698556e-06 6.15499130685227889301e-08 
         225 1.5437374993249323322e-06 6.17494999729972975232e-08 
230.000000000000028422 1.54680869299667183764e-06 6.18723477198668729763e-08 
         235 1.54803677047747736236e-06 6.19214708190990976708e-08 
         240 1.54749907835309039306e-06 6.1899963134123620487e-08 
245.000000000000028422 1.54527442260786643762e-06 6.18109769043146643868e-08 
249.999999999999971578 1.54144251605564502093e-06 6.1657700642225799249e-08 
         255 1.53608347016012624713e-06 6.14433388064050498852e-08 
         260 1.52927739769252479433e-06 6.11710959077009933613e-08 
         265 1.52110406825068794555e-06 6.08441627300275125281e-08 
         270 1.51164254947175704862e-06 6.04657019788702845916e-08 
         275 1.50097087947685671778e-06 6.00388351790742755934e-08 
         280 1.48916583867611485728e-06 5.95666335470445942912e-08 
         285 1.47630278410648251544e-06 5.90521113642593032646e-08 
         290 1.46245545822189909625e-06 5.84982183288759625265e-08 
         295 1.44769576521777631635e-06 5.79078306087110526539e-08 
         300 1.43209358660515511148e-06 5.72837434642062086942e-08 
         305 1.41571667503809158402e-06 5.66286670015236668017e-08 
         310 1.39863059402804468706e-06 5.59452237611217874824e-08 
         315 1.38089866302278783773e-06 5.52359465209115132446e-08 
         320 1.36258190123154236197e-06 5.45032760492616928906e-08 
         325 1.34373897729340668947e-06 5.37495590917362654612e-08 
         330 1.32442616812320647883e-06 5.29770467249282575651e-08 
         335 1.30469733483465974834e-06 5.21878933933863928453e-08 
         340 1.2846039265525621575e-06 5.13841570621024894762e-08 
         345 1.26419500994817683877e-06 5.05678003979270746096e-08 
         350 1.24351730750970888442e-06 4.97406923003883593474e-08 
         355 1.22261522888362807883e-06 4.89046091553451258001e-08 
         360 1.20153089451324468563e-06 4.80612357805297913956e-08 
         365 1.18030416449238302311e-06 4.72121665796953196009e-08 
         370 1.15897268569216647915e-06 4.63589074276866602246e-08 
         375 1.13757195555904083126e-06 4.55028782223616348386e-08 
         380 1.11613538639393853876e-06 4.46454154557575423443e-08 
         385 1.09469435745220743153e-06 4.3787774298088300173e-08 
         390 1.07327826176468438196e-06 4.29311304705873758079e-08 
         395 1.05191456726638894761e-06 4.20765826906555568455e-08 
         400 1.03062890173426199337e-06 4.12251560693704799996e-08 
         405 1.00944514853857415171e-06 4.037780594154296448e-08 
         410 9.88385528827565750025e-07 3.95354211531026294716e-08 
         415 9.67470656251791890132e-07 3.8698826250071673223e-08 
         420 9.46719571748781812507e-07 3.78687828699512730297e-08 
         425 9.26149779754204234772e-07 3.70459911901681678027e-08 
429.999999999999943157 9.05777304057229691063e-07 3.62310921622891881719e-08 
         435 8.85616766802536169107e-07 3.54246706721014483524e-08 
         440 8.65681480248276237896e-07 3.46272592099310505746e-08 
444.999999999999943157 8.45983536239010593343e-07 3.38393414495604229396e-08 
         450 8.26533882757008833289e-07 3.30613553102803559785e-08 
         455 8.07342384468541986304e-07 3.22936953787416799816e-08 
460.000000000000056843 7.88417869963669239213e-07 3.1536714798546770892e-08 
         465 7.69768171183423898924e-07 3.07907268473369588686e-08 
         470 7.51400161152174624105e-07 3.00560064460869865524e-08 
475.000000000000056843 7.33319795293955745537e-07 2.93327918117582319391e-08 
         480 7.15532159150205145503e-07 2.86212863660082078054e-08 
         485 6.98041521994702005306e-07 2.79216608797880795505e-08 
490.000000000000056843 6.80851393269073762794e-07 2.72340557307629499824e-08 
         495 6.6396457831842134492e-07 2.65585831327368548556e-08 
499.999999999999943157 6.47383231338688650179e-07 2.58953292535475471983e-08 
         505 6.31108905101660672289e-07 2.52443562040664284798e-08 
         510 6.15142597584683747184e-07 2.46057039033873496226e-08 
         515 5.99484794938067857775e-07 2.39793917975227148404e-08 
         520 5.84135509397682924284e-07 2.33654203759073185595e-08 
         525 5.69094310873166229712e-07 2.27637724349266506443e-08 
         530 5.54360352256090884434e-07 2.2174414090243634848e-08 
         535 5.39932390294759080297e-07 2.15972956117903641383e-08 
         540 5.25808805025046209319e-07 2.10323522010018471816e-08 
         545 5.11987620652271395702e-07 2.04795048260908578133e-08 
         550 4.98466529593037516471e-07 1.99386611837215010559e-08 
         555 4.85242919930272010008e-07 1.94097167972108814591e-08 
         560 4.72313905455158186251e-07 1.88925562182063279794e-08 
         565 4.59676357012722028776e-07 1.83870542805088820775e-08 
         570 4.47326933772219464751e-07 1.78930773508887799135e-08 
         575 4.35262113110340424153e-07 1.74104845244136160397e-08 
         580 4.23478217893727989302e-07 1.69391287157491185133e-08 
         585 4.1197144017477517512e-07 1.64788576069910087253e-08 
         590 4.00737860628483934669e-07 1.60295144251393581809e-08 
         595 3.89773463412693607018e-07 1.55909385365077444131e-08 
         600 3.79074146496355719065e-07 1.51629658598542304832e-08 
         605 3.68635727989164925544e-07 1.47454291195665968894e-08 
         610 3.58453949647243618641e-07 1.43381579858897444809e-08 
         615 3.48524479383774371082e-07 1.39409791753509745124e-08 
         620 3.38842914890492319666e-07 1.35537165956196923234e-08 
         625 3.29404790072624164654e-07 1.31761916029049671817e-08 
         630 3.20205584999321002636e-07 1.28082233999728400393e-08 
         635 3.11240738889917011129e-07 1.24496295555966800481e-08 
         640 3.02505664859103558333e-07 1.21002265943641424657e-08 
         645 2.93995764977907900571e-07 1.17598305991163160228e-08 
         650 2.85706444576302688562e-07 1.14282577830521074763e-08 
         655 2.77633125210322925017e-07 1.1105325008412916736e-08 
         660 2.69771256054416906727e-07 1.07908502421766762029e-08 
         665 2.6211632354247348603e-07 1.04846529416989401029e-08 
         670 2.54663859005569031123e-07 1.01865543602227611126e-08 
         675 2.47409444047557099606e-07 9.89637776190228385189e-09 
         680 2.40348713543655810161e-07 9.61394854174623326671e-09 
         685 2.33477356433340640815e-07 9.33909425733362569876e-09 
         690 2.26791114773052691578e-07 9.07164459092210733226e-09 
         695 2.20285781706284491051e-07 8.8114312682513791788e-09 
         700 2.13957199047283147923e-07 8.55828796189132638012e-09 
         705 2.07801255094988889536e-07 8.31205020379955624318e-09 
         710 2.0181388314970278549e-07 8.07255532598811175048e-09 
         715 1.95991061077792492643e-07 7.83964244311170016892e-09 
         720 1.90328812139652455608e-07 7.61315248558609895226e-09 
         725 1.84823207162944148118e-07 7.3929282865177657262e-09 
         730 1.7947036796846482096e-07 7.17881471873859287147e-09 
         735 1.74266471763087794787e-07 6.97065887052351198999e-09 
         740 1.69207756066797816099e-07 6.76831024267191290865e-09 
         745 1.64290523688144695844e-07 6.57162094752578780067e-09 
         750 1.59511147330342090378e-07 6.38044589321368344967e-09 
         755 1.5486607352740517575e-07 6.19464294109620693072e-09 
         760 1.50351825713530147912e-07 6.01407302854120634663e-09 
         765 1.45965006273240486279e-07 5.83860025092961964967e-09 
         770 1.41702297422437961747e-07 5.66809189689751870148e-09 
         775 1.37560460807311439762e-07 5.50241843229245739194e-09 
         780 1.33536335817101697721e-07 5.34145343268406767722e-09 
         785 1.29626836804768002291e-07 5.18507347219072055487e-09 
         790 1.25828949601230505734e-07 5.03315798404922003084e-09 
         795 1.2213972782322861771e-07 4.88558911292914441061e-09 
         800 1.1855628943822720827e-07 4.7422515775290880992e-09 
         805 1.15075813884432112938e-07 4.60303255537728481531e-09 
         810 1.11695539829464959534e-07 4.46782159317859808357e-09 
         815 1.08412763476228280188e-07 4.33651053904913094281e-09 
         820 1.05224837260347297716e-07 4.20899349041389180939e-09 
         825 1.02129168828264405899e-07 4.08516675313057593816e-09 
         830 9.91232202853688783048e-08 3.9649288114147548675e-09 
         835 9.62045077980415990843e-08 3.84818031192166399646e-09 
         840 9.33706016510063006318e-08 3.73482406604025235614e-09 
         845 9.06191268053714922595e-08 3.6247650722148598889e-09 
         850 8.794776388240376101e-08 3.51791055529615050657e-09 
         855 8.53542503755974422894e-08 3.41417001502389784047e-09 
859.999999999999886313 8.28363818170246680852e-08 3.31345527268098673995e-09 
865.000000000000113687 8.03920126150516929554e-08 3.21568050460206768513e-09 
         870 7.80190563516410660622e-08 3.12076225406564252668e-09 
         875 7.57154854403706946318e-08 3.02861941761482773564e-09 
         880 7.3479330169411511212e-08 2.9391732067764605312e-09 
         885 7.13086772474533961078e-08 2.85234708989813605938e-09 
889.999999999999886313 6.92016680156452543258e-08 2.76806672062581032192e-09 
895.000000000000113687 6.71564964840450992054e-08 2.68625985936180408402e-09 
         900 6.51714073120912638142e-08 2.60685629248365078418e-09 
         905 6.32446938026626545591e-08 2.52978775210650633125e-09 
         910 6.13746959393960509722e-08 2.45498783757584207198e-09 
914.999999999999886313 5.95597984760912796892e-08 2.38239193904365103867e-09 
920.000000000000113687 5.77984290891896579054e-08 2.3119371635675864982e-09 
925.000000000000113687 5.60890566144606474179e-08 2.24356226457842586363e-09 
         930 5.44301894044969202591e-08 2.17720757617987700889e-09 
         935 5.28203738489910051408e-08 2.11281495395964017255e-09 
         940 5.12581930965490307558e-08 2.0503277238619611806e-09 
944.999999999999886313 4.97422660049707616488e-08 1.98969064019883058176e-09 
950.000000000000113687 4.82712463281883830022e-08 1.93084985312753532009e-09 
         955 4.68438221288051192369e-08 1.87375288515220495146e-09 
         960 4.54587153851174678896e-08 1.81834861540469869904e-09 
         965 4.41146817465140146583e-08 1.76458726986056055324e-09 
         970 4.28105103785646018511e-08 1.71242041514258407404e-09 
974.999999999999886313 4.15450238351123447113e-08 1.6618009534044939208e-09 
980.000000000000113687 4.03170778970363240175e-08 1.61268311588145294416e-09 
         985 3.91255613279604416581e-08 1.56502245311841775731e-09 
         990 3.79693955144848517549e-08 1.51877582057939410328e-09 
         995 3.68475339764863030046e-08 1.47390135905945212018e-09 
999.999999999999886313 3.57589617508501990648e-08 1.43035847003400789642e-09 
1005.00000000000011369 3.47026946625614052002e-08 1.38810778650245615838e-09 
        1010 3.36777785026830523776e-08 1.34711114010732216128e-09 
        1015 3.26832881335533736233e-08 1.30733152534213487049e-09 
        1020 3.17183265390966847538e-08 1.2687330615638674646e-09 
        1025 3.0782023837227251818e-08 1.23128095348909001482e-09 
        1030 2.987353627069493257e-08 1.19494145082779733589e-09 
        1035 2.8992045193242715573e-08 1.15968180772970858156e-09 
        1040 2.81367560699759104391e-08 1.1254702427990363762e-09 
        1045 2.73068975106073899802e-08 1.0922759004242956902e-09 
        1050 2.65017203523920151229e-08 1.06006881409568069591e-09 
        1055 2.57204968048446025254e-08 1.02881987219378411756e-09 
        1060 2.49625196617972232601e-08 9.98500786471889004852e-10 
        1065 2.42271015803962116803e-08 9.69084063215848492028e-10 
        1070 2.35135744222892795695e-08 9.40542976891571248953e-10 
        1075 2.28212886523943535611e-08 9.12851546095774183804e-10 
        1080 2.21496127916978219238e-08 8.8598451166791293072e-10 
        1085 2.14979329241440042641e-08 8.59917316965760187109e-10 
        1090 2.08656522583969541085e-08 8.34626090335878131252e-10 
        1095 2.0252190744816392011e-08 8.10087629792655734207e-10 
        1100 1.9656984744233845906e-08 7.86279389769353890007e-10 
        1105 1.90794867397279922031e-08 7.63179469589119704667e-10 
        1110 1.85191650774437276306e-08 7.40766603097749072136e-10 
        1115 1.7975503719160071131e-08 7.19020148766402816289e-10 
        1120 1.74480019884529250323e-08 6.97920079538116976475e-10 
        1125 1.69361742952784178813e-08 6.77446971811136682166e-10 
        1130 1.64395498288356608059e-08 6.57581993153426415692e-10 
        1135 1.59576722150852409714e-08 6.38306888603409700896e-10 
        1140 1.54900991413724063648e-08 6.19603965654896254594e-10 
        1145 1.50364019550484666056e-08 6.01456078201938705581e-10 
        1150 1.45961652457618518288e-08 5.83846609830474089697e-10 
        1155 1.41689864210993276582e-08 5.66759456843973114601e-10 
        1160 1.37544752840206568602e-08 5.50179011360826249594e-10 
        1165 1.33522536178982189298e-08 5.34090144715928794416e-10 
        1170 1.29619547819242633198e-08 5.18478191276970570013e-10 
        1175 1.25832233174648856079e-08 5.03328932698595424315e-10 
        1180 1.22157145643613534561e-08 4.88628582574454154787e-10 
        1185 1.18590942862722916716e-08 4.74363771450891695814e-10 
        1190 1.15130383047798805994e-08 4.60521532191195259132e-10 
        1195 1.11772321429305192401e-08 4.47089285717220777878e-10 
        1200 1.0851370679481698616e-08 4.34054827179267969455e-10 
        1205 1.05351578157233968764e-08 4.21406312628935908145e-10 
        1210 1.0228306156991530535e-08 4.09132246279661213128e-10 
        1215 9.93053671112011912193e-09 3.97221468444804787625e-10 
        1220 9.64157860638257945775e-09 3.85663144255303190718e-10 
        1225 9.36116883087390701778e-09 3.74446753234956274507e-10 
        1230 9.08905199443321135141e-09 3.63562079777328454056e-10 
        1235 8.824980112766156214e-09 3.52999204510646252696e-10 
        1240 8.56871241153040454851e-09 3.4274849646121620262e-10 
        1245 8.32001514698624527984e-09 3.32800605879449829805e-10 
        1250 8.07866143860442522922e-09 3.23146457544177031916e-10 
        1255 7.84443110905721485083e-09 3.1377724436228857749e-10 
        1260 7.61711052752247625114e-09 3.04684421100899039706e-10 
        1265 7.39649245347983832546e-09 2.95859698139193526815e-10 
        1270 7.18237587950025347316e-09 2.8729503518001015547e-10 
        1275 6.97456587319194175753e-09 2.78982634927677690981e-10 
        1280 6.77287341919602215061e-09 2.70914936767840902568e-10 
        1285 6.5771152622358932963e-09 2.6308461048943573392e-10 
        1290 6.38711375181228183031e-09 2.55484550072491300096e-10 
        1295 6.20269668804512616144e-09 2.48107867521805046457e-10 
        1300 6.02369716753867755821e-09 2.40947886701547089921e-10 
        1305 5.84995342799751384289e-09 2.33998137119900576463e-10 
        1310 5.68130869069901544404e-09 2.27252347627960632237e-10 
        1315 5.51761100085237430453e-09 2.20704440034094964943e-10 
        1320 5.35871306686640680492e-09 2.14348522674656263925e-10 
        1325 5.20447210038676542498e-09 2.08178884015470630441e-10 
        1330 5.05474965963614628397e-09 2.02189986385445854461e-10 
        1335 4.90941149866039999125e-09 1.96376459946416012058e-10 
        1340 4.7683274247325375803e-09 1.90733096989301499076e-10 
        1345 4.63137116509388171404e-09 1.85254846603755276834e-10 
        1350 4.49842024281674033688e-09 1.79936809712669619679e-10 
        1355 4.36935586033488413201e-09 1.74774234413395359077e-10 
        1360 4.24406278813310892745e-09 1.69762511525324363302e-10 
        1365 4.12242925623949777555e-09 1.64897170249579908954e-10 
        1370 4.00434684671041226424e-09 1.60173873868416504011e-10 
        1375 3.88971038645368572059e-09 1.5558841545814742262e-10 
        1380 3.77841784078001907644e-09 1.51136713631200758922e-10 
        1385 3.67037020888000935949e-09 1.46814808355200368176e-10 
        1390 3.56547142272365285799e-09 1.42618856908946129829e-10 
        1395 3.46362825076806513861e-09 1.38545130030722621054e-10 
        1400 3.36475020750029440547e-09 1.34590008300011766913e-10 
        1405 3.26874946931245846058e-09 1.30749978772498352899e-10 
        1410 3.17554079652365748753e-09 1.27021631860946315011e-10 
        1415 3.08504146081630175938e-09 1.23401658432652084851e-10 
        1420 2.99717117693469631578e-09 1.19886847077387846427e-10 
        1425 2.91185203755191846498e-09 1.16474081502076746871e-10 
        1430 2.82900845046073407657e-09 1.13160338018429365648e-10 
        1435 2.74856707776397402376e-09 1.09942683110558958882e-10 
        1440 2.67045677711447475918e-09 1.06818271084578987782e-10 
        1445 2.5946085450742014397e-09 1.03784341802968061207e-10 
        1450 2.52095546249912727243e-09 1.0083821849996509038e-10 
        1455 2.44943264138794709382e-09 9.79773056555178837528e-11 
        1460 2.37997717228920527735e-09 9.51990868915682162638e-11 
        1465 2.3125280712887303965e-09 9.2501122851549216377e-11 
        1470 2.24702622560567475597e-09 8.98810490242269912729e-11 
        1475 2.18341433727398566532e-09 8.73365734909594281637e-11 
        1480 2.12163686460549246064e-09 8.48654745842196994597e-11 
        1485 2.06163996168738450263e-09 8.2465598467495384758e-11 
        1490 2.00337141653281124905e-09 8.01348566613124535808e-11 
        1495 1.94678058896825236327e-09 7.7871223558730091946e-11 
        1500 1.89181834968853018519e-09 7.56727339875412094755e-11 
        1505 1.83843702204642443855e-09 7.35374808818569842627e-11 
        1510 1.7865903280766610967e-09 7.1463613123066448004e-11 
        1515 1.7362333397991556877e-09 6.94493335919662342289e-11 
        1520 1.68732243634027548508e-09 6.74928974536110261241e-11 
        1525 1.63981526678965439972e-09 6.55926106715861790905e-11 
        1530 1.5936707181662189992e-09 6.37468287266487553151e-11 
        1535 1.54884888746987133091e-09 6.19539554987948516856e-11 
        1540 1.50531105646829572567e-09 6.02124422587318259248e-11 
        1545 1.46301966770914951322e-09 5.85207867083659758757e-11 
        1550 1.42193830021642687412e-09 5.68775320086570770329e-11 
        1555 1.38203164351131521456e-09 5.5281265740452607807e-11 
        1560 1.34326546898604276842e-09 5.37306187594417125464e-11 
        1565 1.30560659814924557756e-09 5.22242639259698241365e-11 
        1570 1.26902286782747484034e-09 5.07609147130989954232e-11 
        1575 1.23348309284663545153e-09 4.93393237138654162516e-11 
        1580 1.19895702703924675792e-09 4.79582810815698744527e-11 
        1585 1.16541532362345922521e-09 4.66166129449383728859e-11 
        1590 1.1328294960413966407e-09 4.53131798416558689885e-11 
        1595 1.10117188040529154745e-09 4.4046875216211665517e-11 
        1600 1.07041560066397431518e-09 4.2816624026558976226e-11 
        1605 1.04053453741531689135e-09 4.16213814966126761708e-11 
        1610 1.01150330107571063535e-09 4.04601320430284236045e-11 
        1615 9.83297209658466933228e-10 3.93318883863386786216e-11 
        1620 9.55892271030539941135e-10 3.82356908412215981624e-11 
        1625 9.29265169054034212881e-10 3.71706067621613667058e-11 
        1630 9.03393252800690577853e-10 3.61357301120276241481e-11 
        1635 8.78254527849801753937e-10 3.51301811139920737764e-11 
        1640 8.53827648722039674566e-10 3.41531059488815849147e-11 
        1645 8.30091911535475935999e-10 3.32036764614190410589e-11 
        1650 8.07027246088201574568e-10 3.22810898435280658261e-11 
        1655 7.84614206613243378605e-10 3.13845682645297356612e-11 
        1660 7.62833960561444913918e-10 3.05133584224577983662e-11 
        1665 7.41668274852960738463e-10 2.96667309941184285045e-11 
        1670 7.21099499215471681407e-10 2.8843979968618868678e-11 
        1675 7.01110546417396540422e-10 2.80444218566958614876e-11 
        1680 6.81684869494859875478e-10 2.72673947797943963116e-11 
        1685 6.62806436354460948967e-10 2.65122574541784383464e-11 
        1690 6.44459702451148402474e-10 2.57783880980459381669e-11 
        1695 6.26629582507463637731e-10 2.50651833002985462847e-11 
        1700 6.09301422404601915116e-10 2.43720568961840773801e-11 
        1705 5.92460972470045700501e-10 2.36984388988018287955e-11 
        1710 5.76094363311974414805e-10 2.30437745324789784016e-11 
        1715 5.60188085208766278742e-10 2.24075234083506517959e-11 
1719.99999999999977263 5.44728971793434276572e-10 2.17891588717373700289e-11 
        1725 5.29704188460797714841e-10 2.11881675384319085937e-11 
1730.00000000000022737 5.15101225571331774855e-10 2.06040490228532715112e-11 
        1735 5.00907896110430530237e-10 2.00363158444172227605e-11 
        1740 4.87112337077438513432e-10 1.94844934830975395033e-11 
1744.99999999999977263 4.73703013513573517904e-10 1.89481205405429399407e-11 
        1750 4.60668723828029342023e-10 1.84267489531211756196e-11 
1755.00000000000022737 4.47998604996378338282e-10 1.79199441998551348238e-11 
        1760 4.3568213628735032471e-10 1.74272854514940141516e-11 
1765.00000000000022737 4.23709140446517132985e-10 1.69483656178606844147e-11 
        1770 4.12069781579238343429e-10 1.64827912631695342542e-11 
        1775 4.00754559366999294286e-10 1.60301823746799728054e-11 
1779.99999999999977263 3.89754299567181724257e-10 1.55901719826872684533e-11 
        1785 3.79060141021135529127e-10 1.51624056408454210358e-11 
1790.00000000000022737 3.68663519638405142028e-10 1.47465407855362049057e-11 
        1795 3.58556150002594827895e-10 1.43422460001037933097e-11 
        1800 3.48730005443938597078e-10 1.39492002177575447232e-11 
1804.99999999999977263 3.39177297536075484824e-10 1.35670919014430193929e-11 
        1810 3.29890456013904998977e-10 1.31956182405562009931e-11 
1815.00000000000022737 3.2086211007886190748e-10 1.28344844031544772685e-11 
        1820 3.12085071879705194991e-10 1.24834028751882085751e-11 
        1825 3.03552322778685582751e-10 1.21420929111474228577e-11 
1829.99999999999977263 2.95257002767952759774e-10 1.18102801107181112957e-11 
        1835 2.87192403198537192661e-10 1.14876961279414875772e-11 
1840.00000000000022737 2.79351962796408930161e-10 1.11740785118563568833e-11 
        1845 2.717292667690033242e-10 1.08691706707601329034e-11 
1850.00000000000022737 2.64318048658412899603e-10 1.05727219463365169535e-11 
        1855 2.57112194434278834463e-10 1.02844877773711542833e-11 
        1860 2.50105748194102199829e-10 1.00042299277640878639e-11 
1864.99999999999977263 2.43292918741193053833e-10 9.7317167496477218302e-12 
        1870 2.3666808625661765229e-10 9.46672345026470693171e-12 
1875.00000000000022737 2.30225808303629490683e-10 9.20903233214518059666e-12 
        1880 2.23960824444790452693e-10 8.95843297779161817233e-12 
        1885 2.17868058863517231685e-10 8.71472235454068881505e-12 
1889.99999999999977263 2.11942620514935086201e-10 8.47770482059740396504e-12 
        1895 2.06179800519764049613e-10 8.24719202079056276001e-12 
1900.00000000000022737 2.00575066738392262564e-10 8.02300266953569089032e-12 
        1905 1.95124055698588111783e-10 7.80496222794352460056e-12 
        1910 1.89822562283931699372e-10 7.59290249135726791024e-12 
1914.99999999999977263 1.84666527761151940205e-10 7.38666111044607760822e-12 
        1920 1.79652026806750583825e-10 7.1860810722700239023e-12 
1925.00000000000022737 1.74775254197710179977e-10 6.99101016790840755451e-12 
        1930 1.70032511758832425205e-10 6.80130047035329713744e-12 
        1935 1.65420196070685548746e-10 6.61680784282742191753e-12 
        1940 1.60934787367233099196e-10 6.43739149468932432325e-12 
        1945 1.56572839998418966946e-10 6.26291359993675913021e-12 
1949.99999999999977263 1.52330974796480746623e-10 6.09323899185922992953e-12 
        1955 1.48205873629891974955e-10 5.9282349451956789659e-12 
1960.00000000000022737 1.44194276325909918956e-10 5.767771053036396629e-12 
        1965 1.4029297999412164324e-10 5.61171919976486602039e-12 
        1970 1.36498840600118315865e-10 5.45995362400473253765e-12 
1974.99999999999977263 1.32808776455334230341e-10 5.3123510582133694075e-12 
        1980 1.29219773148360567419e-10 5.16879092593442243826e-12 
1985.00000000000022737 1.25728889362834542741e-10 5.02915557451338174194e-12 
        1990 1.22333263005529943744e-10 4.89333052022119787901e-12 
        1995 1.19030117106729419274e-10 4.76120468426917654479e-12 
1999.99999999999977263 1.15816765003276456563e-10 4.63267060013105868257e-12 
        2005 1.12690614403848800211e-10 4.50762457615395204074e-12 
2010.00000000000022737 1.09649170012002781436e-10 4.38596680048011161289e-12 
        2015 1.06690034484263443902e-10 4.2676013793705381115e-12 
        2020 1.03810907610312973041e-10 4.15243630441251895395e-12 
        2025 1.01009583708376868513e-10 4.04038334833507496671e-12 
        2030 9.82839473580485331445e-11 3.9313578943219413904e-12 
2034.99999999999977263 9.56319676831181407272e-11 3.82527870732472601683e-12 
        2040 9.30516914924021022815e-11 3.72206765969608428513e-12 
2045.00000000000022737 9.05412356395445912898e-11 3.62164942558178392624e-12 
        2050 8.80987789943474719718e-11 3.52395115977389907274e-12 
        2055 8.57225544285642689776e-11 3.4289021771425707591e-12 
        2060 8.34108411846170194138e-11 3.33643364738468092195e-12 
        2065 8.11619579560359450715e-11 3.24647831824143796442e-12 
        2070 7.89742569344231581527e-11 3.15897027737692648767e-12 
        2075 7.68461190016101461877e-11 3.07384476006440594444e-12 
        2080 7.4775950175887175407e-11 2.99103800703548716168e-12 
        2085 7.27621793488264848466e-11 2.91048717395305958773e-12 
        2090 7.08032573019143094114e-11 2.8321302920765723603e-12 
        2095 6.88976569389486688401e-11 2.75590627755794697978e-12 
        2100 6.70438746214889917057e-11 2.68175498485955952282e-12 
        2105 6.52404324430231531229e-11 2.60961729772092636725e-12 
        2110 6.34858812195866602594e-11 2.53943524878346653962e-12 
        2115 6.17788039345984478253e-11 2.47115215738393805842e-12 
        2120 6.01178193481519278884e-11 2.40471277392607697013e-12 
        2125 5.8501585487008681728e-11 2.3400634194803473499e-12 
        2130 5.69288027622175863867e-11 2.27715211048870332622e-12 
        2135 5.53982165078136888212e-11 2.21592866031254779519e-12 
        2140 5.39086187880776215453e-11 2.15634475152310486181e-12 
        2145 5.24588493662851978786e-11 2.09835397465140810901e-12 
        2150 5.10477957768389895403e-11 2.04191183107355948468e-12 
        2155 4.96743924894118690153e-11 1.98697569957647466368e-12 
        2160 4.83376192098931642536e-11 1.93350476839572669939e-12 
        2165 4.70364984266974493978e-11 1.88145993706789820209e-12 
        2170 4.57700923683085222981e-11 1.83080369473234094039e-12 
        2175 4.45374995820659615372e-11 1.78149998328263845341e-12 
        2180 4.33378513494908036239e-11 1.73351405397963223381e-12 
        2185 4.21703081305267402157e-11 1.68681232522106956016e-12 
        2190 4.10340561740309958331e-11 1.64136224696123980909e-12 
        2195 3.99283043736046552749e-11 1.59713217494418623523e-12 
        2200 3.8852281401910889525e-11 1.55409125607643566986e-12 
        2205 3.7805233132449727782e-11 1.51220932529798907897e-12 
        2210 3.67864203639637131439e-11 1.47145681455854846113e-12 
        2215 3.57951168751238844987e-11 1.43180467500495550112e-12 
        2220 3.48306078544853460028e-11 1.39322431417941379164e-12 
        2225 3.38921887478562229929e-11 1.35568754991424892779e-12 
        2230 3.29791645492525482125e-11 1.31916658197010188811e-12 
        2235 3.20908495371151336816e-11 1.28363398148460539573e-12 
        2240 3.12265674282213030539e-11 1.24906269712885213023e-12 
        2245 3.03856519075596926433e-11 1.2154260763023877542e-12 
        2250 2.9567447479780905374e-11 1.18269789919123627151e-12 
        2255 2.87713105846832759855e-11 1.15085242338733109597e-12 
        2260 2.7996610913300704285e-11 1.11986443653202821179e-12 
        2265 2.72427328465137699705e-11 1.08970931386055076651e-12 
        2270 2.65090769274680260496e-11 1.06036307709872109045e-12 
        2275 2.57950612639174669473e-11 1.03180245055669871828e-12 
        2280 2.51001227586957950127e-11 1.00400491034783192168e-12 
        2285 2.4423718079894863648e-11 9.7694872319579454592e-13 
        2290 2.37653243053208275919e-11 9.50612972212833127911e-13 
        2295 2.31244392112720680658e-11 9.24977568450882698399e-13 
        2300 2.25005812002583833963e-11 9.00023248010335372202e-13 
        2305 2.18932888879522695515e-11 8.75731555518090798215e-13 
        2310 2.13021203840208120362e-11 8.52084815360832513759e-13 
        2315 2.0726652312641880925e-11 8.29066092505675281427e-13 
        2320 2.01664786319851512487e-11 8.06659145279406090338e-13 
        2325 1.96212093171067277284e-11 7.84848372684269105096e-13 
        2330 1.90904689768630100148e-11 7.63618759074520404633e-13 
        2335 1.85738954662347685855e-11 7.42955818649390731303e-13 
        2340 1.80711385383047664041e-11 7.22845541532190692515e-13 
        2345 1.75818585565669100811e-11 7.03274342262676423438e-13 
        2350 1.71057252637740715501e-11 6.84229010550962890275e-13 
        2355 1.66424165955924611442e-11 6.65696663823698474041e-13 
        2360 1.61916175314185695692e-11 6.47664701256742790846e-13 
        2365 1.57530189968866651288e-11 6.30120759875466665738e-13 
        2370 1.53263168588602339258e-11 6.13052674354409389343e-13 
        2375 1.49112110719468105718e-11 5.96448442877872398639e-13 
        2380 1.45074050385491415243e-11 5.80296201541965624622e-13 
        2385 1.41146052243902211171e-11 5.64584208975608897192e-13 
        2390 1.37325210403029361671e-11 5.49300841612117450721e-13 
        2395 1.33608649663209840513e-11 5.34434598652839341858e-13 
        2400 1.29993528686972948815e-11 5.19974114747891795261e-13 
        2405 1.26477044536113696426e-11 5.05908178144454769548e-13 
        2410 1.23056438059792296514e-11 4.92225752239169218368e-13 
        2415 1.19728999775575144097e-11 4.78915999102300580426e-13 
        2420 1.16492076001807418176e-11 4.65968304007229636352e-13 
        2425 1.13343075049822216861e-11 4.53372300199288863406e-13 
        2430 1.10279473236305553901e-11 4.41117892945222217623e-13 
        2435 1.07298820384846695424e-11 4.29195281539386775638e-13 
        2440 1.0439874443106782623e-11 4.17594977724271319057e-13 
        2445 1.01576954767342039839e-11 4.06307819069368169455e-13 
        2450 9.88312440991504051275e-12 3.95324976396601638685e-13 
        2455 9.61594887781642053007e-12 3.84637955112656845437e-13 
        2460 9.35596477699705147027e-12 3.7423859107988206083e-13 
        2465 9.102976055195358449e-12 3.64119042207814362194e-13 
        2470 8.85679442800703497676e-12 3.54271777120281386954e-13 
        2475 8.61723905333798154184e-12 3.44689562133519273791e-13 
        2480 8.38413618507137316262e-12 3.35365447402854938622e-13 
        2485 8.15731881768938254155e-12 3.26292752707575289545e-13 
        2490 7.93662632344227247184e-12 3.17465052937690929166e-13 
        2495 7.72190407658910117203e-12 3.08876163063564046881e-13 
        2500 7.51300305435403977836e-12 3.00520122174161587095e-13 
        2505 7.30977940124284254209e-12 2.92391176049713705722e-13 
        2510 7.11209394586064250776e-12 2.8448375783442570233e-13 
        2515 6.91981166466965307105e-12 2.76792466586786116783e-13 
        2520 6.73280109911351641119e-12 2.69312043964540640292e-13 
        2525 6.55093374640006269852e-12 2.62037349856002513999e-13 
        2530 6.37408345713949422616e-12 2.54963338285579762988e-13 
        2535 6.20212588120023849642e-12 2.48085035248009535818e-13 
        2540 6.03493800105185444629e-12 2.4139752004207418391e-13 
        2545 5.87239778257557473387e-12 2.34895911303023005511e-13 
        2550 5.71438395896135364833e-12 2.28575358358454166128e-13 
        2555 5.56077594924099004035e-12 2.22431037969639603634e-13 
        2560 5.41145390547929098596e-12 2.1645815621917163338e-13 
        2565 5.26629887857660380458e-12 2.10651955143064152183e-13 
        2570 5.12519309291019868712e-12 2.05007723716407945465e-13 
        2575 4.98802031769195599185e-12 1.9952081270767825482e-13 
        2580 4.85466631346131700077e-12 1.94186652538452674982e-13 
        2585 4.72501931866571987332e-12 1.89000772746628790894e-13 
        2590 4.5989705243710075424e-12 1.83958820974840294628e-13 
        2595 4.47641447672460217281e-12 1.79056579068984093981e-13 
        2600 4.35724935170197446228e-12 1.74289974068078973442e-13 
        2605 4.24137706850571108011e-12 1.69655082740228446234e-13 
        2610 4.12870324256061123625e-12 1.65148129702424454499e-13 
        2615 4.01913701458677884634e-12 1.60765480583471147795e-13 
        2620 3.91259081787686063915e-12 1.56503632715074432634e-13 
        2625 3.8089801507381563878e-12 1.52359206029526266619e-13 
        2630 3.70822340470779391713e-12 1.48328936188311750627e-13 
        2635 3.61024176827750880406e-12 1.44409670731100367308e-13 
        2640 3.51495919149067766736e-12 1.40598367659627110734e-13 
        2645 3.42230237445187311499e-12 1.36892094978074935707e-13 
        2650 3.3322007369838521215e-12 1.33288029479354093948e-13 
        2655 3.24458633974326527008e-12 1.29783453589730608784e-13 
        2660 3.15939374959267945871e-12 1.26375749983707190465e-13 
        2665 3.0765598631685035922e-12 1.23062394526740140659e-13 
        2670 2.99602371329839217608e-12 1.19840948531935676946e-13 
        2675 2.91772627861834103948e-12 1.16709051144733650667e-13 
        2680 2.84161030256755631982e-12 1.13664412102702261376e-13 
        2685 2.76762011134852090506e-12 1.10704804453940835698e-13 
        2690 2.69570141210422913704e-12 1.07828056484169163967e-13 
        2695 2.62580105680532372907e-12 1.05032042272212945629e-13 
        2700 2.55786677270289080395e-12 1.02314670908115633672e-13 
        2705 2.49184688095169329288e-12 9.96738752380677286861e-14 
        2710 2.4276900400182202597e-12 9.71076016007288113979e-14 
        2715 2.36534505498535836434e-12 9.4613802199414340632e-14 
        2720 2.30476078385435252404e-12 9.2190431354174098942e-14 
        2725 2.24588615238963394772e-12 8.9835446095585365482e-14 
        2730 2.18867026746068973168e-12 8.75468106984275917917e-14 
        2735 2.13306260180732793014e-12 8.5322504072293119225e-14 
        2740 2.07901321688518359381e-12 8.31605286754073482963e-14 
        2745 2.02647299261098830999e-12 8.10589197044395318946e-14 
        2750 1.97539384131423837284e-12 7.90157536525695344088e-14 
        2755 1.92572889188001290542e-12 7.70291556752005212654e-14 
        2760 1.87743263564792959923e-12 7.5097305425917188008e-14 
        2765 1.83046102863709381037e-12 7.3218441145483759483e-14 
        2770 1.78477154625693478802e-12 7.13908618502773889963e-14 
        2775 1.74032319114999687743e-12 6.96129276459998766118e-14 
        2780 1.69707646270804344874e-12 6.7883058508321736435e-14 
        2785 1.65499330658145253287e-12 6.61997322632581018195e-14 
        2790 1.61403707000541922634e-12 6.45614828002167690535e-14 
        2795 1.57417248865110337743e-12 6.29668995460441340875e-14 
        2800 1.53536572123758039981e-12 6.14146288495032180118e-14 
        2805 1.49758443083139763722e-12 5.99033772332559019547e-14 
        2810 1.46079789235639392378e-12 5.84319156942557569513e-14 
        2815 1.42497709205812927563e-12 5.69990836823251685009e-14 
        2820 1.39009478145281810304e-12 5.56037912581127228593e-14 
        2825 1.35612545832200281867e-12 5.42450183328801137567e-14 
        2830 1.32304526603606705726e-12 5.29218106414426805235e-14 
        2835 1.29083182332440623113e-12 5.16332729329762515169e-14 
        2840 1.25946401125623505602e-12 5.03785604502494009786e-14 
        2845 1.22892174788888500742e-12 4.91568699155554038311e-14 
        2850 1.19918577356370653287e-12 4.79674309425482620721e-14 
        2855 1.17023745654187380473e-12 4.68094982616749506744e-14 
        2860 1.14205861606232408014e-12 4.56823446424929659823e-14 
        2865 1.11463135476219191709e-12 4.45852541904876802177e-14 
        2870 1.0879378961829471e-12 4.35175158473178834953e-14 
        2875 1.06196043365784147604e-12 4.24784173463136610613e-14 
        2880 1.0366810073015906703e-12 4.14672402920636305985e-14 
        2885 1.01208143007949811797e-12 4.04832572031799254762e-14 
        2890 9.8814327760355374514e-13 3.95257311041421493007e-14 
        2895 9.64847941525024201283e-13 3.85939176610009708281e-14 
        2900 9.42176728214604662527e-13 3.76870691285841877633e-14 
        2905 9.2011097164221596679e-13 3.68044388656886376619e-14 
        2910 8.98632127086406174911e-13 3.59452850834562497732e-14 
        2915 8.77721822688772816206e-13 3.51088729075509126482e-14 
        2920 8.57361865004227466688e-13 3.4294474600169100687e-14 
        2925 8.37534214605127680662e-13 3.35013685842051072265e-14 
        2930 8.18220961149687902759e-13 3.27288384459875148482e-14 
        2935 7.99404327983605915282e-13 3.19761731193442366113e-14 
        2940 7.81066724857457808056e-13 3.12426689942983156039e-14 
        2945 7.63190849235967930951e-13 3.05276339694387210246e-14 
        2950 7.4575981926782318313e-13 2.98303927707129293447e-14 
        2955 7.28757313161373793836e-13 2.91502925264549507437e-14 
        2960 7.12167692028007536054e-13 2.84867076811203021995e-14 
        2965 6.95976095314950287019e-13 2.78390438125980105972e-14 
        2970 6.80168512333966078281e-13 2.72067404933586446459e-14 
        2975 6.64731843397491499018e-13 2.65892737358996603394e-14 
        2980 6.49653964430647555815e-13 2.59861585772259032424e-14 
        2985 6.34923798770450704169e-13 2.53969519508180289241e-14 
        2990 6.20531384315073403939e-13 2.48212553726029362838e-14 
        2995 6.06467910223020317919e-13 2.42587164089208143576e-14 
        3000 5.92725692398201972982e-13 2.37090276959280789193e-14 
