//Data for CIA of Ne-He at 1000 K
//First  column   : Frequency(cm^(-1))
//Second column   : Intensity(cm^(-1) amagat^(-2))
//Third  column   : +/- error

           5 1.68614373982e-12 1.34891499186e-13 
          10 6.71115966298e-12 5.36892773039e-13 
          15 1.49837222971e-11 1.19869778377e-12 
          20 2.63624679268e-11 2.10899743414e-12 
          25 4.06627961525e-11 3.2530236922e-12 
          30 5.7664677799e-11 4.61317422392e-12 
          35 7.71208419775e-11 6.1696673582e-12 
          40 9.87647521984e-11 7.90118017587e-12 
          45 1.22318325464e-10 9.78546603712e-12 
          50 1.4749898825e-10 1.179991906e-11 
          55 1.7402597678e-10 1.39220781424e-11 
          60 2.01625963582e-10 1.61300770865e-11 
          65 2.30037905231e-10 1.84030324185e-11 
          70 2.5901693593e-10 2.07213548744e-11 
          75 2.88337535296e-10 2.30670028236e-11 
          80 3.17796199798e-10 2.54236959838e-11 
          85 3.47213335965e-10 2.77770668772e-11 
          90 3.76434384062e-10 3.0114750725e-11 
          95 4.05330521602e-10 3.24264417282e-11 
         100 4.33798993554e-10 3.47039194844e-11 
         105 4.61762953064e-10 3.69410362451e-11 
         110 4.89170861728e-10 3.91336689382e-11 
         115 5.1599559026e-10 4.12796472208e-11 
         120 5.42233315267e-10 4.33786652214e-11 
         125 5.67902231011e-10 4.54321784808e-11 
         130 5.93041063575e-10 4.7443285086e-11 
         135 6.17707423796e-10 4.94165939037e-11 
         140 6.41976080813e-10 5.1358086465e-11 
         145 6.65937201665e-10 5.32749761332e-11 
         150 6.89694552104e-10 5.51755641683e-11 
         155 7.13363669627e-10 5.70690935702e-11 
         160 7.37070055709e-10 5.89656044567e-11 
         165 7.60947421388e-10 6.0875793711e-11 
         170 7.85135983056e-10 6.28108786445e-11 
         175 8.09780801628e-10 6.47824641302e-11 
         180 8.35030184033e-10 6.68024147226e-11 
         185 8.61034176472e-10 6.88827341178e-11 
         190 8.87943160914e-10 7.10354528731e-11 
         195 9.15906546663e-10 7.3272523733e-11 
         200 9.45071548796e-10 7.56057239037e-11 
         205 9.75582056956e-10 7.80465645565e-11 
         210 1.00757760371e-09 8.06062082968e-11 
         215 1.04119243665e-09 8.32953949317e-11 
         220 1.07655469115e-09 8.61243752923e-11 
         225 1.11378565885e-09 8.9102852708e-11 
         230 1.15299914909e-09 9.22399319272e-11 
         235 1.19430094275e-09 9.55440754203e-11 
         240 1.23778833597e-09 9.90230668773e-11 
         245 1.28354976837e-09 1.02683981469e-10 
         250 1.33166452896e-09 1.06533162317e-10 
         255 1.38220253357e-09 1.10576202686e-10 
         260 1.4352241698e-09 1.14817933584e-10 
         265 1.49078020659e-09 1.19262416527e-10 
         270 1.54891176545e-09 1.23912941236e-10 
         275 1.60965034967e-09 1.28772027973e-10 
         280 1.67301792739e-09 1.33841434191e-10 
         285 1.73902706396e-09 1.39122165117e-10 
         290 1.8076810982e-09 1.44614487856e-10 
         295 1.87897435725e-09 1.5031794858e-10 
         300 1.95289240452e-09 1.56231392362e-10 
         305 2.02941231693e-09 1.62352985354e-10 
         310 2.10850298878e-09 1.68680239102e-10 
         315 2.19012546058e-09 1.75210036846e-10 
         320 2.27423326986e-09 1.81938661589e-10 
         325 2.3607728197e-09 1.88861825576e-10 
         330 2.44968375953e-09 1.95974700763e-10 
         335 2.54089937308e-09 2.03271949846e-10 
         340 2.63434696976e-09 2.1074775758e-10 
         345 2.72994827798e-09 2.18395862238e-10 
         350 2.82761984048e-09 2.26209587238e-10 
         355 2.92727341245e-09 2.34181872996e-10 
         360 3.02881636307e-09 2.42305309046e-10 
         365 3.13215208019e-09 2.50572166415e-10 
         370 3.23718037572e-09 2.58974430058e-10 
         375 3.34379788777e-09 2.67503831021e-10 
         380 3.45189847389e-09 2.76151877911e-10 
         385 3.56137359041e-09 2.84909887233e-10 
         390 3.67211265504e-09 2.93769012403e-10 
         395 3.78400339353e-09 3.02720271482e-10 
         400 3.89693217422e-09 3.11754573938e-10 
         405 4.010784335e-09 3.208627468e-10 
         410 4.12544450509e-09 3.30035560407e-10 
         415 4.24079692016e-09 3.39263753613e-10 
         420 4.35672572547e-09 3.48538058038e-10 
         425 4.47311526112e-09 3.5784922089e-10 
         430 4.58985032565e-09 3.67188026052e-10 
         435 4.70681641901e-09 3.76545313521e-10 
         440 4.82389997022e-09 3.85911997618e-10 
         445 4.94098855655e-09 3.95279084524e-10 
         450 5.05797111883e-09 4.04637689506e-10 
         455 5.17473817303e-09 4.13979053842e-10 
         460 5.29118201293e-09 4.23294561034e-10 
         465 5.4071968968e-09 4.32575751744e-10 
         470 5.52267921189e-09 4.41814336951e-10 
         475 5.63752761508e-09 4.51002209206e-10 
         480 5.75164315309e-09 4.60131452247e-10 
         485 5.8649293688e-09 4.69194349504e-10 
         490 5.97729240065e-09 4.78183392052e-10 
         495 6.08864107912e-09 4.8709128633e-10 
         500 6.19888702001e-09 4.959109616e-10 
         505 6.30794471078e-09 5.04635576862e-10 
         510 6.41573158536e-09 5.13258526828e-10 
         515 6.52216808399e-09 5.21773446719e-10 
         520 6.62717769819e-09 5.30174215855e-10 
         525 6.73068700374e-09 5.38454960299e-10 
         530 6.83262568606e-09 5.46610054885e-10 
         535 6.93292656155e-09 5.54634124924e-10 
         540 7.03152559608e-09 5.62522047686e-10 
         545 7.12836191899e-09 5.70268953519e-10 
         550 7.22337782963e-09 5.77870226371e-10 
         555 7.31651879308e-09 5.85321503446e-10 
         560 7.40773342386e-09 5.92618673909e-10 
         565 7.49697345888e-09 5.99757876711e-10 
         570 7.58419372286e-09 6.06735497829e-10 
         575 7.66935209044e-09 6.13548167235e-10 
         580 7.75240944842e-09 6.20192755874e-10 
         585 7.8333296595e-09 6.2666637276e-10 
         590 7.91207952676e-09 6.32966362141e-10 
         595 7.98862875622e-09 6.39090300498e-10 
         600 8.0629499146e-09 6.45035993168e-10 
         605 8.13501837969e-09 6.50801470375e-10 
         610 8.20481228281e-09 6.56384982625e-10 
         615 8.2723124445e-09 6.6178499556e-10 
         620 8.33750230591e-09 6.67000184473e-10 
         625 8.40036785926e-09 6.72029428741e-10 
         630 8.46089757998e-09 6.76871806398e-10 
         635 8.51908236213e-09 6.8152658897e-10 
         640 8.57491545703e-09 6.85993236562e-10 
         645 8.6283924136e-09 6.90271393088e-10 
         650 8.67951101796e-09 6.94360881437e-10 
         655 8.72827122977e-09 6.98261698382e-10 
         660 8.77467511326e-09 7.0197400906e-10 
         665 8.81872676244e-09 7.05498140995e-10 
         670 8.86043222132e-09 7.08834577706e-10 
         675 8.89979940138e-09 7.11983952111e-10 
         680 8.93683799951e-09 7.14947039961e-10 
         685 8.97155941962e-09 7.1772475357e-10 
         690 9.0039767006e-09 7.20318136048e-10 
         695 9.0341044515e-09 7.2272835612e-10 
         700 9.06195879342e-09 7.24956703473e-10 
         705 9.0875573058e-09 7.27004584464e-10 
         710 9.11091897366e-09 7.28873517893e-10 
         715 9.13206413212e-09 7.30565130569e-10 
         720 9.15101440541e-09 7.32081152433e-10 
         725 9.16779263887e-09 7.3342341111e-10 
         730 9.18242282446e-09 7.34593825957e-10 
         735 9.19493002203e-09 7.35594401762e-10 
         740 9.20534028009e-09 7.36427222407e-10 
         745 9.21368056007e-09 7.37094444806e-10 
         750 9.21997866761e-09 7.37598293409e-10 
         755 9.2242631931e-09 7.37941055448e-10 
         760 9.226563462e-09 7.3812507696e-10 
         765 9.22690949323e-09 7.38152759458e-10 
         770 9.22533196293e-09 7.38026557035e-10 
         775 9.22186216969e-09 7.37748973575e-10 
         780 9.21653199755e-09 7.37322559804e-10 
         785 9.20937387409e-09 7.36749909927e-10 
         790 9.20042072196e-09 7.36033657757e-10 
         795 9.18970590451e-09 7.35176472361e-10 
         800 9.177263167e-09 7.3418105336e-10 
         805 9.16312657671e-09 7.33050126137e-10 
         810 9.14733046509e-09 7.31786437207e-10 
         815 9.1299093753e-09 7.30392750024e-10 
         820 9.11089801716e-09 7.28871841373e-10 
         825 9.09033123042e-09 7.27226498434e-10 
         830 9.06824395563e-09 7.25459516451e-10 
         835 9.04467121076e-09 7.23573696861e-10 
         840 9.01964807063e-09 7.21571845651e-10 
         845 8.99320964644e-09 7.19456771715e-10 
         850 8.96539106257e-09 7.17231285006e-10 
         855 8.93622742947e-09 7.14898194357e-10 
         860 8.90575381194e-09 7.12460304956e-10 
         865 8.87400519423e-09 7.09920415539e-10 
         870 8.84101644342e-09 7.07281315474e-10 
         875 8.80682227393e-09 7.04545781914e-10 
         880 8.77145721518e-09 7.01716577214e-10 
         885 8.73495558433e-09 6.98796446747e-10 
         890 8.69735146468e-09 6.95788117174e-10 
         895 8.65867868943e-09 6.92694295154e-10 
         900 8.61897082958e-09 6.89517666367e-10 
         905 8.57826118396e-09 6.86260894717e-10 
         910 8.5365827694e-09 6.82926621552e-10 
         915 8.49396830947e-09 6.79517464757e-10 
         920 8.45045022061e-09 6.76036017649e-10 
         925 8.40606059571e-09 6.72484847657e-10 
         930 8.36083118568e-09 6.68866494854e-10 
         935 8.31479338024e-09 6.65183470419e-10 
         940 8.26797818959e-09 6.61438255167e-10 
         945 8.22041622815e-09 6.57633298252e-10 
         950 8.17213770141e-09 6.53771016113e-10 
         955 8.12317239632e-09 6.49853791706e-10 
         960 8.07354967492e-09 6.45883973993e-10 
         965 8.02329847054e-09 6.41863877643e-10 
         970 7.97244728571e-09 6.37795782857e-10 
         975 7.92102419057e-09 6.33681935246e-10 
         980 7.86905682118e-09 6.29524545694e-10 
         985 7.816572377e-09 6.2532579016e-10 
         990 7.76359761742e-09 6.21087809394e-10 
         995 7.71015885741e-09 6.16812708593e-10 
        1000 7.65628196249e-09 6.12502556999e-10 
        1005 7.60199234339e-09 6.08159387471e-10 
        1010 7.54731495082e-09 6.03785196065e-10 
        1015 7.49227427038e-09 5.99381941631e-10 
        1020 7.43689431816e-09 5.94951545453e-10 
        1025 7.38119863679e-09 5.90495890943e-10 
        1030 7.32521029252e-09 5.86016823402e-10 
        1035 7.26895187327e-09 5.81516149862e-10 
        1040 7.21244548796e-09 5.76995639037e-10 
        1045 7.15571276743e-09 5.72457021394e-10 
        1050 7.09877486703e-09 5.67901989362e-10 
        1055 7.04165247103e-09 5.63332197682e-10 
        1060 6.98436579851e-09 5.58749263881e-10 
        1065 6.92693461055e-09 5.54154768844e-10 
        1070 6.86937821789e-09 5.49550257431e-10 
        1075 6.81171548864e-09 5.44937239091e-10 
        1080 6.75396485503e-09 5.40317188403e-10 
        1085 6.69614431884e-09 5.35691545508e-10 
        1090 6.63827145496e-09 5.31061716397e-10 
        1095 6.58036341305e-09 5.26429073044e-10 
        1100 6.52243691765e-09 5.21794953412e-10 
        1105 6.46450826701e-09 5.17160661361e-10 
        1110 6.40659333162e-09 5.1252746653e-10 
        1115 6.34870755305e-09 5.07896604244e-10 
        1120 6.29086594379e-09 5.03269275503e-10 
        1125 6.23308308884e-09 4.98646647107e-10 
        1130 6.17537314906e-09 4.94029851924e-10 
        1135 6.11774986652e-09 4.89419989321e-10 
        1140 6.06022657149e-09 4.84818125719e-10 
        1145 6.00281619063e-09 4.80225295251e-10 
        1150 5.9455312559e-09 4.75642500472e-10 
        1155 5.88838391346e-09 4.71070713077e-10 
        1160 5.83138593234e-09 4.66510874587e-10 
        1165 5.77454871221e-09 4.61963896977e-10 
        1170 5.71788329038e-09 4.5743066323e-10 
        1175 5.66140034777e-09 4.52912027822e-10 
        1180 5.6051102142e-09 4.48408817136e-10 
        1185 5.54902287306e-09 4.43921829845e-10 
        1190 5.4931479658e-09 4.39451837264e-10 
        1195 5.43749479646e-09 4.34999583717e-10 
        1200 5.38207233648e-09 4.30565786918e-10 
        1205 5.32688922989e-09 4.26151138391e-10 
        1210 5.2719537992e-09 4.21756303936e-10 
        1215 5.21727405163e-09 4.17381924131e-10 
        1220 5.16285768591e-09 4.13028614872e-10 
        1225 5.10871209934e-09 4.08696967947e-10 
        1230 5.05484439506e-09 4.04387551605e-10 
        1235 5.0012613892e-09 4.00100911136e-10 
        1240 4.94796961787e-09 3.9583756943e-10 
        1245 4.8949753438e-09 3.91598027504e-10 
        1250 4.84228456237e-09 3.8738276499e-10 
        1255 4.78990300719e-09 3.83192240575e-10 
        1260 4.73783615496e-09 3.79026892397e-10 
        1265 4.68608922978e-09 3.74887138382e-10 
        1270 4.6346672069e-09 3.70773376552e-10 
        1275 4.58357481617e-09 3.66685985293e-10 
        1280 4.53281654513e-09 3.6262532361e-10 
        1285 4.48239664224e-09 3.58591731379e-10 
        1290 4.43231912013e-09 3.5458552961e-10 
        1295 4.38258775932e-09 3.50607020746e-10 
        1300 4.33320611239e-09 3.46656488991e-10 
        1305 4.28417750876e-09 3.42734200701e-10 
        1310 4.23550506007e-09 3.38840404806e-10 
        1315 4.18719166624e-09 3.34975333299e-10 
        1320 4.13924002185e-09 3.31139201748e-10 
        1325 4.09165262304e-09 3.27332209843e-10 
        1330 4.0444317744e-09 3.23554541952e-10 
        1335 3.99757959591e-09 3.19806367673e-10 
        1340 3.95109802963e-09 3.1608784237e-10 
        1345 3.90498884602e-09 3.12399107682e-10 
        1350 3.85925364983e-09 3.08740291986e-10 
        1355 3.81389388543e-09 3.05111510834e-10 
        1360 3.76891084172e-09 3.01512867337e-10 
        1365 3.72430565656e-09 2.97944452524e-10 
        1370 3.68007932087e-09 2.9440634567e-10 
        1375 3.63623268252e-09 2.90898614602e-10 
        1380 3.59276645002e-09 2.87421316001e-10 
        1385 3.54968119621e-09 2.83974495697e-10 
        1390 3.50697736198e-09 2.80558188958e-10 
        1395 3.46465525993e-09 2.77172420795e-10 
        1400 3.42271507821e-09 2.73817206257e-10 
        1405 3.38115688423e-09 2.70492550738e-10 
        1410 3.33998062838e-09 2.6719845027e-10 
        1415 3.29918614766e-09 2.63934891813e-10 
        1420 3.25877316916e-09 2.60701853533e-10 
        1425 3.21874131328e-09 2.57499305062e-10 
        1430 3.17909009679e-09 2.54327207743e-10 
        1435 3.13981893569e-09 2.51185514855e-10 
        1440 3.10092714785e-09 2.48074171828e-10 
        1445 3.06241395546e-09 2.44993116436e-10 
        1450 3.02427848749e-09 2.41942278999e-10 
        1455 2.98651978205e-09 2.38921582564e-10 
        1460 2.94913678878e-09 2.35930943102e-10 
        1465 2.91212837135e-09 2.32970269708e-10 
        1470 2.87549331008e-09 2.30039464806e-10 
        1475 2.83923030465e-09 2.27138424372e-10 
        1480 2.80333797708e-09 2.24267038167e-10 
        1485 2.76781487475e-09 2.2142518998e-10 
        1490 2.73265947362e-09 2.1861275789e-10 
        1495 2.69787018153e-09 2.15829614522e-10 
        1500 2.66344534154e-09 2.13075627323e-10 
        1505 2.62938323538e-09 2.1035065883e-10 
        1510 2.59568208676e-09 2.07654566941e-10 
        1515 2.5623400647e-09 2.04987205176e-10 
        1520 2.52935528672e-09 2.02348422937e-10 
        1525 2.49672582185e-09 1.99738065748e-10 
        1530 2.46444969353e-09 1.97155975483e-10 
        1535 2.43252488226e-09 1.94601990581e-10 
        1540 2.40094932799e-09 1.92075946239e-10 
        1545 2.36972093241e-09 1.89577674593e-10 
        1550 2.33883756088e-09 1.87107004871e-10 
        1555 2.30829704429e-09 1.84663763543e-10 
        1560 2.27809718067e-09 1.82247774453e-10 
        1565 2.24823573669e-09 1.79858858935e-10 
        1570 2.21871044916e-09 1.77496835932e-10 
        1575 2.1895190263e-09 1.75161522104e-10 
        1580 2.16065914919e-09 1.72852731935e-10 
        1585 2.13212847311e-09 1.70570277849e-10 
        1590 2.10392462898e-09 1.68313970318e-10 
        1595 2.07604522476e-09 1.66083617981e-10 
        1600 2.04848784696e-09 1.63879027757e-10 
        1605 2.02125006213e-09 1.6170000497e-10 
        1610 1.99432941826e-09 1.59546353461e-10 
        1615 1.96772344625e-09 1.574178757e-10 
        1620 1.94142966118e-09 1.55314372895e-10 
        1625 1.91544556355e-09 1.53235645084e-10 
        1630 1.88976864037e-09 1.51181491229e-10 
        1635 1.86439636615e-09 1.49151709292e-10 
        1640 1.83932620383e-09 1.47146096306e-10 
        1645 1.81455560553e-09 1.45164448442e-10 
        1650 1.7900820134e-09 1.43206561072e-10 
        1655 1.76590286044e-09 1.41272228836e-10 
        1660 1.74201557134e-09 1.39361245707e-10 
        1665 1.71841756342e-09 1.37473405074e-10 
        1670 1.6951062478e-09 1.35608499824e-10 
        1675 1.6720790305e-09 1.3376632244e-10 
        1680 1.64933331386e-09 1.31946665108e-10 
        1685 1.62686649787e-09 1.3014931983e-10 
        1690 1.60467598174e-09 1.28374078539e-10 
        1695 1.5827591653e-09 1.26620733224e-10 
        1700 1.56111345043e-09 1.24889076034e-10 
        1705 1.53973624242e-09 1.23178899394e-10 
        1710 1.51862495109e-09 1.21489996087e-10 
        1715 1.4977769918e-09 1.19822159344e-10 
        1720 1.47718978622e-09 1.18175182897e-10 
        1725 1.4568607629e-09 1.16548861032e-10 
        1730 1.43678735774e-09 1.14942988619e-10 
        1735 1.41696701421e-09 1.13357361137e-10 
        1740 1.39739718356e-09 1.11791774684e-10 
        1745 1.37807532497e-09 1.10246025997e-10 
        1750 1.35899890573e-09 1.08719912458e-10 
        1755 1.34016540145e-09 1.07213232116e-10 
        1760 1.3215722964e-09 1.05725783712e-10 
        1765 1.30321708394e-09 1.04257366716e-10 
        1770 1.2850972671e-09 1.02807781368e-10 
        1775 1.26721035923e-09 1.01376828739e-10 
        1780 1.24955388476e-09 9.99643107805e-11 
        1785 1.23212537995e-09 9.85700303963e-11 
        1790 1.21492239375e-09 9.71937915001e-11 
        1795 1.19794248844e-09 9.58353990752e-11 
        1800 1.18118324033e-09 9.44946592267e-11 
        1805 1.16464224029e-09 9.31713792229e-11 
        1810 1.14831709409e-09 9.1865367527e-11 
        1815 1.1322054227e-09 9.05764338161e-11 
        1820 1.11630486239e-09 8.93043889912e-11 
        1825 1.10061306471e-09 8.80490451766e-11 
        1830 1.08512769642e-09 8.68102157135e-11 
        1835 1.06984643938e-09 8.55877151501e-11 
        1840 1.05476699038e-09 8.43813592307e-11 
        1845 1.03988706108e-09 8.31909648866e-11 
        1850 1.0252043779e-09 8.20163502318e-11 
        1855 1.01071668206e-09 8.08573345648e-11 
        1860 9.96421729715e-10 7.97137383772e-11 
        1865 9.82317292112e-10 7.85853833689e-11 
        1870 9.68401155875e-10 7.747209247e-11 
        1875 9.54671123338e-10 7.6373689867e-11 
        1880 9.41125012914e-10 7.52900010331e-11 
        1885 9.27760659481e-10 7.42208527585e-11 
        1890 9.14575914765e-10 7.31660731812e-11 
        1895 9.01568647685e-10 7.21254918148e-11 
        1900 8.88736744666e-10 7.10989395733e-11 
        1905 8.76078109884e-10 7.00862487907e-11 
        1910 8.63590665463e-10 6.9087253237e-11 
        1915 8.51272351602e-10 6.81017881282e-11 
        1920 8.39121126656e-10 6.71296901324e-11 
        1925 8.27134967162e-10 6.61707973729e-11 
        1930 8.15311867836e-10 6.52249494268e-11 
        1935 8.03649841537e-10 6.4291987323e-11 
        1940 7.92146919216e-10 6.33717535373e-11 
        1945 7.80801149851e-10 6.24640919881e-11 
        1950 7.69610600385e-10 6.15688480308e-11 
        1955 7.58573355651e-10 6.06858684521e-11 
        1960 7.47687518316e-10 5.98150014653e-11 
        1965 7.36951208813e-10 5.8956096705e-11 
        1970 7.2636256529e-10 5.81090052232e-11 
        1975 7.15919743563e-10 5.7273579485e-11 
        1980 7.05620917075e-10 5.6449673366e-11 
        1985 6.95464276873e-10 5.56371421498e-11 
        1990 6.85448031594e-10 5.48358425275e-11 
        1995 6.75570407468e-10 5.40456325974e-11 
        2000 6.65829648337e-10 5.3266371867e-11 
        2005 6.5622401569e-10 5.24979212552e-11 
        2010 6.46751788708e-10 5.17401430966e-11 
        2015 6.37411264316e-10 5.09929011452e-11 
        2020 6.28200757238e-10 5.02560605791e-11 
        2025 6.19118600041e-10 4.95294880033e-11 
        2030 6.10163143151e-10 4.8813051452e-11 
        2035 6.01332754852e-10 4.81066203881e-11 
        2040 5.92625821239e-10 4.74100656991e-11 
        2045 5.84040746128e-10 4.67232596902e-11 
        2050 5.75575950917e-10 4.60460760734e-11 
        2055 5.67229874406e-10 4.53783899525e-11 
        2060 5.59000972568e-10 4.47200778054e-11 
        2065 5.50887718294e-10 4.40710174635e-11 
        2070 5.42888601119e-10 4.34310880895e-11 
        2075 5.35002126944e-10 4.28001701555e-11 
        2080 5.2722681777e-10 4.21781454216e-11 
        2085 5.1956121146e-10 4.15648969168e-11 
        2090 5.12003861544e-10 4.09603089235e-11 
        2095 5.04553337073e-10 4.03642669658e-11 
        2100 4.97208222531e-10 3.97766578025e-11 
        2105 4.89967117805e-10 3.91973694244e-11 
        2110 4.828286382e-10 3.8626291056e-11 
        2115 4.75791414497e-10 3.80633131598e-11 
        2120 4.68854093044e-10 3.75083274435e-11 
        2125 4.62015335844e-10 3.69612268675e-11 
        2130 4.55273820647e-10 3.64219056518e-11 
        2135 4.48628241014e-10 3.58902592811e-11 
        2140 4.42077306333e-10 3.53661845067e-11 
        2145 4.35619741803e-10 3.48495793442e-11 
        2150 4.29254288339e-10 3.43403430671e-11 
        2155 4.2297970244e-10 3.38383761952e-11 
        2160 4.16794755986e-10 3.33435804789e-11 
        2165 4.10698235998e-10 3.28558588799e-11 
        2170 4.04688944364e-10 3.23751155491e-11 
        2175 3.98765697538e-10 3.19012558031e-11 
        2180 3.92927326247e-10 3.14341860997e-11 
        2185 3.87172675196e-10 3.09738140157e-11 
        2190 3.81500602815e-10 3.05200482252e-11 
        2195 3.75909981026e-10 3.0072798482e-11 
        2200 3.70399695061e-10 2.96319756049e-11 
        2205 3.64968643332e-10 2.91974914665e-11 
        2210 3.5961573733e-10 2.87692589864e-11 
        2215 3.54339901584e-10 2.83471921267e-11 
        2220 3.49140073632e-10 2.79312058906e-11 
        2225 3.44015204028e-10 2.75212163222e-11 
        2230 3.38964256351e-10 2.71171405081e-11 
        2235 3.33986207212e-10 2.6718896577e-11 
        2240 3.29080046251e-10 2.63264037001e-11 
        2245 3.24244776106e-10 2.59395820885e-11 
        2250 3.19479412361e-10 2.55583529888e-11 
        2255 3.1478298345e-10 2.5182638676e-11 
        2260 3.10154530544e-10 2.48123624435e-11 
        2265 3.0559310739e-10 2.44474485912e-11 
        2270 3.01097780137e-10 2.4087822411e-11 
        2275 2.96667627137e-10 2.3733410171e-11 
        2280 2.92301738734e-10 2.33841390987e-11 
        2285 2.87999217052e-10 2.30399373642e-11 
        2290 2.83759175785e-10 2.27007340628e-11 
        2295 2.7958074e-10 2.23664592e-11 
        2300 2.75463045951e-10 2.20370436761e-11 
        2305 2.7140524092e-10 2.17124192736e-11 
        2310 2.67406483073e-10 2.13925186458e-11 
        2315 2.63465941338e-10 2.1077275307e-11 
        2320 2.59582795305e-10 2.07666236244e-11 
        2325 2.55756235134e-10 2.04604988108e-11 
        2330 2.51985461484e-10 2.01588369188e-11 
        2335 2.48269685437e-10 1.98615748349e-11 
        2340 2.44608128429e-10 1.95686502744e-11 
        2345 2.41000022184e-10 1.92800017747e-11 
        2350 2.37444608628e-10 1.89955686902e-11 
        2355 2.33941139805e-10 1.87152911844e-11 
        2360 2.30488877784e-10 1.84391102227e-11 
        2365 2.27087094543e-10 1.81669675635e-11 
        2370 2.23735071862e-10 1.78988057489e-11 
        2375 2.2043210119e-10 1.76345680952e-11 
        2380 2.17177483522e-10 1.73741986817e-11 
        2385 2.13970529266e-10 1.71176423413e-11 
        2390 2.10810558109e-10 1.68648446487e-11 
        2395 2.07696898892e-10 1.66157519114e-11 
        2400 2.04628889483e-10 1.63703111587e-11 
        2405 2.01605876662e-10 1.61284701329e-11 
        2410 1.98627216006e-10 1.58901772805e-11 
        2415 1.95692271792e-10 1.56553817434e-11 
        2420 1.92800416893e-10 1.54240333514e-11 
        2425 1.89951032687e-10 1.51960826149e-11 
        2430 1.87143508971e-10 1.49714807177e-11 
        2435 1.84377243869e-10 1.47501795095e-11 
        2440 1.81651643749e-10 1.45321314999e-11 
        2445 1.78966123128e-10 1.43172898502e-11 
        2450 1.76320104586e-10 1.41056083669e-11 
        2455 1.73713018665e-10 1.38970414932e-11 
        2460 1.71144303774e-10 1.36915443019e-11 
        2465 1.6861340608e-10 1.34890724864e-11 
        2470 1.66119779408e-10 1.32895823526e-11 
        2475 1.63662885128e-10 1.30930308102e-11 
        2480 1.6124219205e-10 1.2899375364e-11 
        2485 1.58857176318e-10 1.27085741055e-11 
        2490 1.56507321303e-10 1.25205857042e-11 
        2495 1.54192117503e-10 1.23353694002e-11 
        2500 1.51911062452e-10 1.21528849961e-11 
        2505 1.49663660626e-10 1.197309285e-11 
        2510 1.47449423361e-10 1.17959538689e-11 
        2515 1.45267868777e-10 1.16214295021e-11 
        2520 1.43118521697e-10 1.14494817358e-11 
        2525 1.41000913585e-10 1.12800730868e-11 
        2530 1.38914582469e-10 1.11131665975e-11 
        2535 1.36859072879e-10 1.09487258303e-11 
        2540 1.34833935775e-10 1.0786714862e-11 
        2545 1.32838728478e-10 1.06270982783e-11 
        2550 1.30873014592e-10 1.04698411674e-11 
        2555 1.28936363929e-10 1.03149091143e-11 
        2560 1.27028352425e-10 1.0162268194e-11 
        2565 1.25148562054e-10 1.00118849644e-11 
        2570 1.2329658074e-10 9.86372645917e-12 
        2575 1.2147200226e-10 9.71776018076e-12 
        2580 1.19674426156e-10 9.57395409246e-12 
        2585 1.17903457639e-10 9.43227661113e-12 
        2590 1.16158707498e-10 9.29269659984e-12 
        2595 1.14439792009e-10 9.1551833607e-12 
        2600 1.12746332851e-10 9.01970662808e-12 
        2605 1.11077957026e-10 8.88623656209e-12 
        2610 1.09434296783e-10 8.7547437426e-12 
        2615 1.07814989546e-10 8.62519916365e-12 
        2620 1.06219677853e-10 8.49757422821e-12 
        2625 1.04648009293e-10 8.37184074344e-12 
        2630 1.03099636452e-10 8.24797091614e-12 
        2635 1.01574216857e-10 8.12593734853e-12 
        2640 1.00071412926e-10 8.00571303408e-12 
        2645 9.85908919179e-11 7.88727135343e-12 
        2650 9.71323258791e-11 7.77058607032e-12 
        2655 9.56953915912e-11 7.65563132729e-12 
        2660 9.42797705162e-11 7.5423816413e-12 
        2665 9.28851487389e-11 7.43081189911e-12 
        2670 9.15112169056e-11 7.32089735245e-12 
        2675 9.01576701618e-11 7.21261361294e-12 
        2680 8.88242080859e-11 7.10593664687e-12 
        2685 8.75105346222e-11 7.00084276977e-12 
        2690 8.62163580118e-11 6.89730864095e-12 
        2695 8.49413907243e-11 6.79531125795e-12 
        2700 8.36853493887e-11 6.69482795109e-12 
        2705 8.24479547259e-11 6.59583637807e-12 
        2710 8.12289314839e-11 6.49831451871e-12 
        2715 8.00280083738e-11 6.40224066991e-12 
        2720 7.884491801e-11 6.3075934408e-12 
        2725 7.76793968521e-11 6.21435174817e-12 
        2730 7.65311851508e-11 6.12249481206e-12 
        2735 7.54000268959e-11 6.03200215167e-12 
        2740 7.42856697667e-11 5.94285358133e-12 
        2745 7.31878650849e-11 5.85502920679e-12 
        2750 7.21063677692e-11 5.76850942153e-12 
        2755 7.10409362903e-11 5.68327490322e-12 
        2760 6.99913326278e-11 5.59930661022e-12 
        2765 6.89573222264e-11 5.51658577811e-12 
        2770 6.79386739529e-11 5.43509391623e-12 
        2775 6.69351600524e-11 5.35481280419e-12 
        2780 6.59465561047e-11 5.27572448837e-12 
        2785 6.49726409796e-11 5.19781127837e-12 
        2790 6.40131967924e-11 5.12105574339e-12 
        2795 6.3068008859e-11 5.04544070872e-12 
        2800 6.21368656502e-11 4.97094925202e-12 
        2805 6.12195587468e-11 4.89756469974e-12 
        2810 6.0315882794e-11 4.82527062352e-12 
        2815 5.94256354569e-11 4.75405083656e-12 
        2820 5.85486173755e-11 4.68388939004e-12 
        2825 5.76846321208e-11 4.61477056967e-12 
        2830 5.68334861512e-11 4.5466788921e-12 
        2835 5.59949887696e-11 4.47959910157e-12 
        2840 5.51689520807e-11 4.41351616646e-12 
        2845 5.43551909498e-11 4.34841527598e-12 
        2850 5.35535229611e-11 4.28428183688e-12 
        2855 5.27637683774e-11 4.22110147019e-12 
        2860 5.19857501002e-11 4.15886000801e-12 
        2865 5.12192936303e-11 4.09754349042e-12 
        2870 5.04642270292e-11 4.03713816234e-12 
        2875 4.97203808814e-11 3.97763047051e-12 
        2880 4.89875882569e-11 3.91900706056e-12 
        2885 4.82656846758e-11 3.86125477406e-12 
        2890 4.75545080722e-11 3.80436064577e-12 
        2895 4.68538987605e-11 3.74831190084e-12 
        2900 4.61636994022e-11 3.69309595218e-12 
        2905 4.54837549735e-11 3.63870039788e-12 
        2910 4.48139127338e-11 3.5851130187e-12 
        2915 4.4154022196e-11 3.53232177568e-12 
        2920 4.35039350963e-11 3.4803148077e-12 
        2925 4.28635053653e-11 3.42908042922e-12 
        2930 4.22325890994e-11 3.37860712795e-12 
        2935 4.16110445323e-11 3.32888356259e-12 
        2940 4.09987320066e-11 3.27989856053e-12 
        2945 4.03955139449e-11 3.2316411156e-12 
        2950 3.98012548215e-11 3.18410038572e-12 
        2955 3.92158211323e-11 3.13726569058e-12 
        2960 3.86390813652e-11 3.09112650922e-12 
        2965 3.807090597e-11 3.0456724776e-12 
        2970 3.75111673274e-11 3.00089338619e-12 
        2975 3.69597397178e-11 2.95677917742e-12 
        2980 3.64164992904e-11 2.91331994323e-12 
        2985 3.5881324032e-11 2.87050592256e-12 
        2990 3.53540937366e-11 2.82832749893e-12 
        2995 3.48346899745e-11 2.78677519796e-12 
        3000 3.43229960639e-11 2.74583968511e-12 
        3005 3.38188970422e-11 2.70551176337e-12 
        3010 3.33222796391e-11 2.66578237113e-12 
        3015 3.28330322512e-11 2.62664258009e-12 
        3020 3.23510449173e-11 2.58808359339e-12 
        3025 3.18762092962e-11 2.5500967437e-12 
        3030 3.14084186448e-11 2.51267349158e-12 
        3035 3.09475677977e-11 2.47580542382e-12 
        3040 3.04935531482e-11 2.43948425185e-12 
        3045 3.00462726291e-11 2.40370181033e-12 
        3050 2.96056256948e-11 2.36845005558e-12 
        3055 2.9171513303e-11 2.33372106424e-12 
        3060 2.87438378965e-11 2.29950703172e-12 
        3065 2.83225033844e-11 2.26580027075e-12 
        3070 2.79074151231e-11 2.23259320985e-12 
        3075 2.74984798965e-11 2.19987839172e-12 
        3080 2.70956058948e-11 2.16764847159e-12 
        3085 2.66987026939e-11 2.13589621551e-12 
        3090 2.63076812326e-11 2.10461449861e-12 
        3095 2.59224537904e-11 2.07379630323e-12 
        3100 2.55429339643e-11 2.04343471715e-12 
        3105 2.51690366458e-11 2.01352293167e-12 
        3110 2.48006779978e-11 1.98405423982e-12 
        3115 2.44377754321e-11 1.95502203457e-12 
        3120 2.40802475875e-11 1.926419807e-12 
        3125 2.37280143087e-11 1.89824114469e-12 
        3130 2.33809966259e-11 1.87047973007e-12 
        3135 2.30391167364e-11 1.84312933891e-12 
        3140 2.27022979864e-11 1.81618383891e-12 
        3145 2.23704648546e-11 1.78963718837e-12 
        3150 2.20435429366e-11 1.76348343493e-12 
        3155 2.17214589305e-11 1.73771671444e-12 
        3160 2.14041406228e-11 1.71233124982e-12 
        3165 2.10915168754e-11 1.68732135004e-12 
        3170 2.07835176129e-11 1.66268140903e-12 
        3175 2.0480073809e-11 1.63840590472e-12 
        3180 2.01811174745e-11 1.61448939796e-12 
        3185 1.98865816435e-11 1.59092653148e-12 
        3190 1.95964003597e-11 1.56771202878e-12 
        3195 1.93105086625e-11 1.544840693e-12 
        3200 1.9028842572e-11 1.52230740576e-12 
        3205 1.87513390736e-11 1.50010712589e-12 
        3210 1.84779361026e-11 1.47823488821e-12 
        3215 1.82085725279e-11 1.45668580224e-12 
        3220 1.79431881358e-11 1.43545505086e-12 
        3225 1.76817236137e-11 1.41453788909e-12 
        3230 1.74241205345e-11 1.39392964276e-12 
        3235 1.7170321341e-11 1.37362570728e-12 
        3240 1.69202693308e-11 1.35362154647e-12 
        3245 1.66739086425e-11 1.3339126914e-12 
        3250 1.64311842422e-11 1.31449473938e-12 
        3255 1.61920419111e-11 1.29536335288e-12 
        3260 1.59564282341e-11 1.27651425873e-12 
        3265 1.57242905892e-11 1.25794324714e-12 
        3270 1.54955771375e-11 1.239646171e-12 
        3275 1.52702368138e-11 1.2216189451e-12 
        3280 1.50482193176e-11 1.20385754541e-12 
        3285 1.48294751047e-11 1.18635800837e-12 
        3290 1.46139553781e-11 1.16911643025e-12 
        3295 1.44016120795e-11 1.15212896636e-12 
        3300 1.41923978797e-11 1.13539183038e-12 
        3305 1.39862661694e-11 1.11890129355e-12 
        3310 1.37831710487e-11 1.1026536839e-12 
        3315 1.35830673164e-11 1.08664538531e-12 
        3320 1.33859104587e-11 1.0708728367e-12 
        3325 1.31916566373e-11 1.05533253099e-12 
        3330 1.30002626773e-11 1.04002101418e-12 
        3335 1.28116860543e-11 1.02493488434e-12 
        3340 1.26258848821e-11 1.01007079057e-12 
        3345 1.24428179002e-11 9.95425432016e-13 
        3350 1.22624444613e-11 9.80995556903e-13 
        3355 1.20847245196e-11 9.66777961565e-13 
        3360 1.19096186195e-11 9.52769489563e-13 
        3365 1.17370878856e-11 9.38967030849e-13 
        3370 1.15670940124e-11 9.25367520989e-13 
        3375 1.13995992558e-11 9.11967940465e-13 
        3380 1.12345664256e-11 8.98765314045e-13 
        3385 1.10719588777e-11 8.85756710213e-13 
        3390 1.09117405083e-11 8.72939240662e-13 
        3395 1.07538757479e-11 8.60310059833e-13 
        3400 1.05983295561e-11 8.47866364491e-13 
        3405 1.04450674165e-11 8.3560539332e-13 
        3410 1.02940553316e-11 8.23524426528e-13 
        3415 1.01452598181e-11 8.11620785445e-13 
        3420 9.99864790123e-12 7.99891832098e-13 
        3425 9.85418710955e-12 7.88334968764e-13 
        3430 9.71184546846e-12 7.76947637477e-13 
        3435 9.57159149362e-12 7.65727319489e-13 
        3440 9.43339418375e-12 7.546715347e-13 
        3445 9.2972230128e-12 7.43777841024e-13 
        3450 9.16304792163e-12 7.3304383373e-13 
        3455 9.0308393093e-12 7.22467144744e-13 
        3460 8.90056802408e-12 7.12045441926e-13 
        3465 8.77220535429e-12 7.01776428343e-13 
        3470 8.64572301914e-12 6.91657841531e-13 
        3475 8.52109315975e-12 6.8168745278e-13 
        3480 8.39828833044e-12 6.71863066435e-13 
        3485 8.27728149045e-12 6.62182519236e-13 
        3490 8.15804599627e-12 6.52643679702e-13 
        3495 8.04055559446e-12 6.43244447556e-13 
        3500 7.92478441524e-12 6.33982753219e-13 
        3505 7.81070696672e-12 6.24856557338e-13 
        3510 7.69829812976e-12 6.15863850381e-13 
        3515 7.58753315344e-12 6.07002652275e-13 
        3520 7.47838765102e-12 5.98271012082e-13 
        3525 7.37083759631e-12 5.89667007704e-13 
        3530 7.26485932032e-12 5.81188745625e-13 
        3535 7.16042950805e-12 5.72834360644e-13 
        3540 7.0575251953e-12 5.64602015624e-13 
        3545 6.95612376533e-12 5.56489901227e-13 
        3550 6.85620294535e-12 5.48496235628e-13 
        3555 6.75774080268e-12 5.40619264215e-13 
        3560 6.66071574052e-12 5.32857259241e-13 
        3565 6.5651064933e-12 5.25208519464e-13 
        3570 6.47089212169e-12 5.17671369735e-13 
        3575 6.37805200706e-12 5.10244160565e-13 
        3580 6.28656584573e-12 5.02925267658e-13 
        3585 6.19641364281e-12 4.95713091425e-13 
        3590 6.10757570598e-12 4.88606056479e-13 
        3595 6.02003263904e-12 4.81602611123e-13 
        3600 5.93376533554e-12 4.74701226843e-13 
        3605 5.84875497254e-12 4.67900397803e-13 
        3610 5.76498300455e-12 4.61198640364e-13 
        3615 5.68243115785e-12 4.54594492628e-13 
        3620 5.60108142511e-12 4.48086514009e-13 
        3625 5.52091606053e-12 4.41673284843e-13 
        3630 5.44191757547e-12 4.35353406037e-13 
        3635 5.36406873446e-12 4.29125498757e-13 
        3640 5.28735255184e-12 4.22988204148e-13 
        3645 5.21175228873e-12 4.16940183099e-13 
        3650 5.1372514504e-12 4.10980116032e-13 
        3655 5.06383378402e-12 4.05106702721e-13 
        3660 4.99148327653e-12 3.99318662122e-13 
        3665 4.92018415278e-12 3.93614732223e-13 
        3670 4.84992087364e-12 3.87993669891e-13 
        3675 4.78067813406e-12 3.82454250725e-13 
        3680 4.71244086107e-12 3.76995268886e-13 
        3685 4.64519421157e-12 3.71615536926e-13 
        3690 4.57892356986e-12 3.66313885589e-13 
        3695 4.51361454492e-12 3.61089163594e-13 
        3700 4.44925296737e-12 3.5594023739e-13 
        3705 4.38582488614e-12 3.50865990891e-13 
        3710 4.32331656488e-12 3.4586532519e-13 
        3715 4.26171447808e-12 3.40937158247e-13 
        3720 4.20100530705e-12 3.36080424564e-13 
        3725 4.14117593571e-12 3.31294074857e-13 
        3730 4.08221344629e-12 3.26577075703e-13 
        3735 4.02410511512e-12 3.21928409209e-13 
        3740 3.96683840834e-12 3.17347072667e-13 
        3745 3.91040097785e-12 3.12832078228e-13 
        3750 3.85478065737e-12 3.0838245259e-13 
        3755 3.79996545876e-12 3.03997236701e-13 
        3760 3.74594356855e-12 2.99675485484e-13 
        3765 3.69270334482e-12 2.95416267586e-13 
        3770 3.64023331433e-12 2.91218665146e-13 
        3775 3.58852216989e-12 2.87081773591e-13 
        3780 3.53755876809e-12 2.83004701447e-13 
        3785 3.48733212717e-12 2.78986570173e-13 
        3790 3.43783142513e-12 2.7502651401e-13 
        3795 3.38904599801e-12 2.71123679841e-13 
        3800 3.34096533823e-12 2.67277227058e-13 
        3805 3.29357909303e-12 2.63486327442e-13 
        3810 3.24687706289e-12 2.59750165031e-13 
        3815 3.20084919996e-12 2.56067935997e-13 
        3820 3.15548560639e-12 2.52438848511e-13 
        3825 3.11077653258e-12 2.48862122607e-13 
        3830 3.06671237535e-12 2.45336990028e-13 
        3835 3.02328367594e-12 2.41862694076e-13 
        3840 2.98048111796e-12 2.38438489437e-13 
        3845 2.93829552515e-12 2.35063642012e-13 
        3850 2.89671785915e-12 2.31737428732e-13 
        3855 2.85573921708e-12 2.28459137367e-13 
        3860 2.81535082923e-12 2.25228066338e-13 
        3865 2.77554405657e-12 2.22043524526e-13 
        3870 2.73631038845e-12 2.18904831076e-13 
        3875 2.69764144018e-12 2.15811315214e-13 
        3880 2.65952895084e-12 2.12762316068e-13 
        3885 2.62196478111e-12 2.09757182489e-13 
        3890 2.58494091116e-12 2.06795272893e-13 
        3895 2.54844943882e-12 2.03875955106e-13 
        3900 2.51248257773e-12 2.00998606219e-13 
        3905 2.47703265569e-12 1.98162612455e-13 
        3910 2.44209211312e-12 1.9536736905e-13 
        3915 2.40765350163e-12 1.9261228013e-13 
        3920 2.37370948267e-12 1.89896758614e-13 
        3925 2.34025282625e-12 1.872202261e-13 
        3930 2.30727640971e-12 1.84582112777e-13 
        3935 2.27477321654e-12 1.81981857323e-13 
        3940 2.24273633515e-12 1.79418906812e-13 
        3945 2.21115895766e-12 1.76892716613e-13 
        3950 2.18003437867e-12 1.74402750294e-13 
        3955 2.14935599396e-12 1.71948479517e-13 
        3960 2.11911729911e-12 1.69529383928e-13 
        3965 2.08931188811e-12 1.67144951049e-13 
        3970 2.0599334519e-12 1.64794676152e-13 
        3975 2.03097577679e-12 1.62478062143e-13 
        3980 2.00243274292e-12 1.60194619433e-13 
        3985 1.97429832258e-12 1.57943865806e-13 
        3990 1.94656657859e-12 1.55725326288e-13 
        3995 1.91923166262e-12 1.53538533009e-13 
        4000 1.89228781345e-12 1.51383025076e-13 
